[gd_scene load_steps=66 format=3 uid="uid://d3ao0dqax0nbh"]

[ext_resource type="PackedScene" path="res://area/stage/2 dino jungle/data/environment/object/platform/LotusPlatform.tscn" id="1_d384b"]
[ext_resource type="PackedScene" uid="uid://bwg2pvqvdlp04" path="res://area/stage/2 dino jungle/data/environment/object/platform/CactusPlatform.tscn" id="2_y75g5"]
[ext_resource type="PackedScene" uid="uid://c3ag6xo2p0xc2" path="res://area/stage/2 dino jungle/data/environment/object/platform/GrassPillar.tscn" id="3_f3x6u"]
[ext_resource type="Script" path="res://object/trigger/modules/EventTrigger.cs" id="4_7yy7k"]
[ext_resource type="PackedScene" uid="uid://b1xxprpqpebky" path="res://area/stage/2 dino jungle/data/environment/object/dino/DinoApatos.tscn" id="5_tccji"]
[ext_resource type="PackedScene" uid="uid://87lgwwefd4g4" path="res://object/stage/common/JumpPanel.tscn" id="6_wsjb6"]
[ext_resource type="PackedScene" uid="uid://b8m1x0tudbcbd" path="res://object/stage/common/Spring.tscn" id="7_t54v7"]
[ext_resource type="Script" path="res://object/trigger/modules/CameraTrigger.cs" id="8_srgif"]
[ext_resource type="Resource" path="res://area/stage/2 dino jungle/act 2/camera/CAM_Climb.tres" id="9_1oxnw"]
[ext_resource type="PackedScene" uid="uid://5l5prl8d0kmd" path="res://area/stage/2 dino jungle/data/environment/object/Boat.tscn" id="10_0g3b7"]
[ext_resource type="PackedScene" uid="uid://bn6wr6l8s3qyt" path="res://object/trigger/StageTrigger.tscn" id="11_3ntm7"]
[ext_resource type="Script" path="res://object/trigger/modules/JumpTrigger.cs" id="12_t28j3"]
[ext_resource type="PackedScene" uid="uid://c1ivqxpa0ry7i" path="res://object/stage/common/FlyingPot.tscn" id="13_0pim3"]
[ext_resource type="Script" path="res://object/trigger/modules/PathTrigger.cs" id="14_nk68g"]
[ext_resource type="Script" path="res://object/trigger/modules/CullingTrigger.cs" id="15_e1nfe"]
[ext_resource type="PackedScene" uid="uid://c85xw5ix60fe8" path="res://object/stage/common/Switch.tscn" id="16_i7wrh"]
[ext_resource type="Resource" uid="uid://drgk50yomyihb" path="res://resource/preset/camera/common/OverheadCam.tres" id="17_t5kt4"]
[ext_resource type="Resource" path="res://area/stage/2 dino jungle/act 2/camera/CAM_Waterfall.tres" id="18_rq1km"]
[ext_resource type="Resource" path="res://area/stage/2 dino jungle/act 2/camera/CAM_Waterfall2.tres" id="19_mb5m1"]
[ext_resource type="Resource" path="res://area/stage/2 dino jungle/act 2/camera/CAM_PotCorner.tres" id="20_dbata"]
[ext_resource type="Resource" path="res://area/stage/2 dino jungle/act 2/camera/CAM_BackWall.tres" id="21_l6y3p"]
[ext_resource type="Resource" path="res://area/stage/2 dino jungle/act 2/camera/CAM_Cavern.tres" id="22_r7t2k"]
[ext_resource type="Resource" path="res://area/stage/2 dino jungle/act 2/camera/CAM_SpringTurn.tres" id="23_a2uhp"]
[ext_resource type="Resource" path="res://area/stage/2 dino jungle/act 2/camera/CAM_Split.tres" id="24_swc1p"]
[ext_resource type="Resource" path="res://area/stage/2 dino jungle/act 2/camera/CAM_SplitMain.tres" id="25_giqra"]
[ext_resource type="Resource" path="res://area/stage/2 dino jungle/act 2/camera/CAM_SplitRight.tres" id="26_cyy8i"]
[ext_resource type="Resource" path="res://area/stage/2 dino jungle/act 2/camera/CAM_LotusPath.tres" id="27_a0qr0"]
[ext_resource type="Script" path="res://object/trigger/modules/DeathTrigger.cs" id="28_kp8ug"]
[ext_resource type="PackedScene" path="res://area/stage/2 dino jungle/act 2/environment/collision/Collision.tscn" id="29_eiiea"]
[ext_resource type="PackedScene" uid="uid://dhudcebp1ql1o" path="res://area/stage/2 dino jungle/act 2/environment/DJAct2.tscn" id="30_ymmwk"]
[ext_resource type="PackedScene" uid="uid://cv8wawfkxffx" path="res://area/stage/2 dino jungle/data/skybox/Skybox.tscn" id="31_rnkde"]
[ext_resource type="PackedScene" uid="uid://bb0wbyqxrs175" path="res://effect/buffer/PlanarReflectionRenderer.tscn" id="32_2v3ne"]
[ext_resource type="Curve3D" uid="uid://c3yb8ig426sj1" path="res://area/stage/2 dino jungle/act 2/environment/path/MainPath.tres" id="32_5d1j5"]
[ext_resource type="Material" uid="uid://d0klutkn8da67" path="res://area/stage/2 dino jungle/data/environment/model/material/Water.tres" id="33_kheyr"]
[ext_resource type="Curve3D" uid="uid://mig8mj50lbiu" path="res://area/stage/2 dino jungle/act 2/environment/path/RightPath.tres" id="33_quywa"]
[ext_resource type="Curve3D" uid="uid://b6lms2do0qg2p" path="res://area/stage/2 dino jungle/act 2/environment/path/SpringPath.tres" id="34_2rl0i"]
[ext_resource type="PackedScene" uid="uid://c3yfeneeeu8kk" path="res://area/stage/2 dino jungle/data/environment/BGM.tscn" id="35_dxojr"]
[ext_resource type="Environment" path="res://area/stage/2 dino jungle/data/environment/Environment.tres" id="36_vlkax"]

[sub_resource type="Animation" id="42"]
resource_name = "RESET"
length = 0.001
tracks/0/type = "method"
tracks/0/imported = false
tracks/0/enabled = true
tracks/0/path = NodePath("DinoApatos/AnimationPlayer")
tracks/0/interp = 1
tracks/0/loop_wrap = true
tracks/0/keys = {
"times": PackedFloat32Array(0),
"transitions": PackedFloat32Array(1),
"values": [{
"args": ["ApatoAct2Reset", -1, 1.0, false],
"method": &"play"
}]
}

[sub_resource type="Animation" id="41"]
resource_name = "event"
length = 0.001
tracks/0/type = "method"
tracks/0/imported = false
tracks/0/enabled = true
tracks/0/path = NodePath("DinoApatos/AnimationPlayer")
tracks/0/interp = 1
tracks/0/loop_wrap = true
tracks/0/keys = {
"times": PackedFloat32Array(0),
"transitions": PackedFloat32Array(1),
"values": [{
"args": ["apato-2", -1, 1.0, false],
"method": &"play"
}]
}

[sub_resource type="AnimationLibrary" id="AnimationLibrary_v21xi"]
_data = {
"RESET": SubResource("42"),
"event": SubResource("41")
}

[sub_resource type="BoxShape3D" id="23"]
size = Vector3(2.42, 41.402, 21.4)

[sub_resource type="BoxShape3D" id="92"]
size = Vector3(2.42, 2.76, 12.44)

[sub_resource type="SphereShape3D" id="61"]

[sub_resource type="BoxShape3D" id="60"]
size = Vector3(24.17, 43.612, 85.134)

[sub_resource type="SphereShape3D" id="27"]
radius = 5.098

[sub_resource type="BoxShape3D" id="28"]
size = Vector3(38.578, 14.106, 16.328)

[sub_resource type="BoxShape3D" id="67"]
size = Vector3(12.944, 25.34, 16.328)

[sub_resource type="BoxShape3D" id="62"]
size = Vector3(12.944, 25.916, 16.328)

[sub_resource type="BoxShape3D" id="63"]
size = Vector3(7.214, 26.15, 16.328)

[sub_resource type="BoxShape3D" id="64"]
size = Vector3(64.116, 26.15, 36.66)

[sub_resource type="SphereShape3D" id="65"]
radius = 7.338

[sub_resource type="BoxShape3D" id="48"]
size = Vector3(72.962, 10.734, 14.142)

[sub_resource type="BoxShape3D" id="54"]
size = Vector3(22.316, 28.056, 14.142)

[sub_resource type="BoxShape3D" id="59"]
size = Vector3(21.806, 37.046, 7.666)

[sub_resource type="BoxShape3D" id="49"]
size = Vector3(17.234, 43.612, 22.662)

[sub_resource type="BoxShape3D" id="50"]
size = Vector3(22.024, 43.612, 8.946)

[sub_resource type="BoxShape3D" id="51"]
size = Vector3(8.06, 43.612, 8.946)

[sub_resource type="BoxShape3D" id="52"]
size = Vector3(4.384, 43.612, 14.702)

[sub_resource type="BoxShape3D" id="19"]
size = Vector3(452.68, 20, 549.34)

[sub_resource type="Animation" id="94"]
length = 0.001
tracks/0/type = "value"
tracks/0/imported = false
tracks/0/enabled = true
tracks/0/path = NodePath(".:position")
tracks/0/interp = 1
tracks/0/loop_wrap = false
tracks/0/keys = {
"times": PackedFloat32Array(0),
"transitions": PackedFloat32Array(1),
"update": 0,
"values": [Vector3(119.668, 35.9585, -70.5782)]
}
tracks/1/type = "value"
tracks/1/imported = false
tracks/1/enabled = true
tracks/1/path = NodePath(".:rotation")
tracks/1/interp = 1
tracks/1/loop_wrap = false
tracks/1/keys = {
"times": PackedFloat32Array(0),
"transitions": PackedFloat32Array(1),
"update": 0,
"values": [Vector3(0, 2.41728, 0)]
}
tracks/2/type = "value"
tracks/2/imported = false
tracks/2/enabled = true
tracks/2/path = NodePath("Camera:rotation")
tracks/2/interp = 1
tracks/2/loop_wrap = false
tracks/2/keys = {
"times": PackedFloat32Array(0),
"transitions": PackedFloat32Array(1),
"update": 0,
"values": [Vector3(-0.20944, 0, 0)]
}
tracks/3/type = "value"
tracks/3/imported = false
tracks/3/enabled = true
tracks/3/path = NodePath("Camera:fov")
tracks/3/interp = 1
tracks/3/loop_wrap = false
tracks/3/keys = {
"times": PackedFloat32Array(0),
"transitions": PackedFloat32Array(1),
"update": 0,
"values": [30.0]
}
tracks/4/type = "value"
tracks/4/imported = false
tracks/4/enabled = true
tracks/4/path = NodePath("Camera:current")
tracks/4/interp = 1
tracks/4/loop_wrap = true
tracks/4/keys = {
"times": PackedFloat32Array(0),
"transitions": PackedFloat32Array(1),
"update": 1,
"values": [false]
}

[sub_resource type="Animation" id="93"]
resource_name = "demo1"
length = 8.0
tracks/0/type = "value"
tracks/0/imported = false
tracks/0/enabled = true
tracks/0/path = NodePath(".:position")
tracks/0/interp = 1
tracks/0/loop_wrap = false
tracks/0/keys = {
"times": PackedFloat32Array(0, 1, 4, 6.5, 8),
"transitions": PackedFloat32Array(0.5, 3, 0.6, 1.51572, 1),
"update": 0,
"values": [Vector3(119.668, 35.9585, -70.5782), Vector3(120.216, 35.9585, -70.11), Vector3(108.916, 35.9585, -80.1044), Vector3(89.2943, 35.9585, -94.2872), Vector3(81.7299, 35.9585, -98.1778)]
}
tracks/1/type = "value"
tracks/1/imported = false
tracks/1/enabled = true
tracks/1/path = NodePath(".:rotation")
tracks/1/interp = 1
tracks/1/loop_wrap = false
tracks/1/keys = {
"times": PackedFloat32Array(0, 1, 2, 6.2, 7, 7.6, 8),
"transitions": PackedFloat32Array(1.30583, 0.8, 1.4, 0.5, 1.5, 0.8, 1),
"update": 0,
"values": [Vector3(0, 2.41728, 0), Vector3(0, 2.43473, 0), Vector3(0, 2.44346, 0), Vector3(0, 2.10138, 0), Vector3(0, 2.05949, 0), Vector3(0, 2.07694, 0), Vector3(0, 2.0944, 0)]
}
tracks/2/type = "value"
tracks/2/imported = false
tracks/2/enabled = true
tracks/2/path = NodePath("Camera:rotation")
tracks/2/interp = 1
tracks/2/loop_wrap = false
tracks/2/keys = {
"times": PackedFloat32Array(0),
"transitions": PackedFloat32Array(1),
"update": 0,
"values": [Vector3(-0.20944, 0, 0)]
}
tracks/3/type = "value"
tracks/3/imported = false
tracks/3/enabled = true
tracks/3/path = NodePath("Camera:fov")
tracks/3/interp = 1
tracks/3/loop_wrap = true
tracks/3/keys = {
"times": PackedFloat32Array(0),
"transitions": PackedFloat32Array(1),
"update": 0,
"values": [30.0]
}
tracks/4/type = "value"
tracks/4/imported = false
tracks/4/enabled = true
tracks/4/path = NodePath("Camera:current")
tracks/4/interp = 1
tracks/4/loop_wrap = true
tracks/4/keys = {
"times": PackedFloat32Array(0),
"transitions": PackedFloat32Array(1),
"update": 1,
"values": [true]
}

[sub_resource type="Animation" id="95"]
resource_name = "demo2"
length = 8.0
step = 0.5
tracks/0/type = "value"
tracks/0/imported = false
tracks/0/enabled = true
tracks/0/path = NodePath(".:position")
tracks/0/interp = 1
tracks/0/loop_wrap = false
tracks/0/keys = {
"times": PackedFloat32Array(0, 3, 4.5, 6, 7, 8),
"transitions": PackedFloat32Array(1, 1, 1, 1, 1, 1),
"update": 0,
"values": [Vector3(-33.276, 30, -12.998), Vector3(-18.1307, 30, 25.1368), Vector3(-13.3661, 30, 45.5009), Vector3(-13.6534, 30, 66.8438), Vector3(-16.4814, 30, 81.7072), Vector3(-24.27, 30, 96.3076)]
}
tracks/1/type = "value"
tracks/1/imported = false
tracks/1/enabled = true
tracks/1/path = NodePath(".:rotation")
tracks/1/interp = 1
tracks/1/loop_wrap = false
tracks/1/keys = {
"times": PackedFloat32Array(0, 8),
"transitions": PackedFloat32Array(2.5, 1),
"update": 0,
"values": [Vector3(0, -2.72271, 0), Vector3(0, -3.38245, 0)]
}
tracks/2/type = "value"
tracks/2/imported = false
tracks/2/enabled = true
tracks/2/path = NodePath("Camera:rotation")
tracks/2/interp = 1
tracks/2/loop_wrap = false
tracks/2/keys = {
"times": PackedFloat32Array(0),
"transitions": PackedFloat32Array(1),
"update": 0,
"values": [Vector3(0, 0, 0)]
}
tracks/3/type = "value"
tracks/3/imported = false
tracks/3/enabled = true
tracks/3/path = NodePath("Camera:fov")
tracks/3/interp = 1
tracks/3/loop_wrap = false
tracks/3/keys = {
"times": PackedFloat32Array(0),
"transitions": PackedFloat32Array(1),
"update": 0,
"values": [70.0]
}

[sub_resource type="Animation" id="96"]
resource_name = "demo3"
length = 8.0
tracks/0/type = "value"
tracks/0/imported = false
tracks/0/enabled = true
tracks/0/path = NodePath(".:position")
tracks/0/interp = 1
tracks/0/loop_wrap = false
tracks/0/keys = {
"times": PackedFloat32Array(0, 4, 6, 7, 8),
"transitions": PackedFloat32Array(1, 1, 1, 1, 1),
"update": 0,
"values": [Vector3(-136.13, 15, 82.377), Vector3(-134.455, 15, 53.054), Vector3(-130.82, 15, 38.7321), Vector3(-127.961, 15, 31.8894), Vector3(-123.941, 15, 25.057)]
}
tracks/1/type = "value"
tracks/1/imported = false
tracks/1/enabled = true
tracks/1/path = NodePath(".:rotation")
tracks/1/interp = 1
tracks/1/loop_wrap = false
tracks/1/keys = {
"times": PackedFloat32Array(0, 8),
"transitions": PackedFloat32Array(1.5, 1),
"update": 0,
"values": [Vector3(0, 0, 0), Vector3(0, -0.523599, 0)]
}
tracks/2/type = "value"
tracks/2/imported = false
tracks/2/enabled = true
tracks/2/path = NodePath("Camera:rotation")
tracks/2/interp = 1
tracks/2/loop_wrap = false
tracks/2/keys = {
"times": PackedFloat32Array(0, 8),
"transitions": PackedFloat32Array(1.5, 1),
"update": 0,
"values": [Vector3(-0.174533, 0, 0), Vector3(-0.0872665, 0, 0)]
}
tracks/3/type = "value"
tracks/3/imported = false
tracks/3/enabled = true
tracks/3/path = NodePath("Camera:fov")
tracks/3/interp = 1
tracks/3/loop_wrap = false
tracks/3/keys = {
"times": PackedFloat32Array(0),
"transitions": PackedFloat32Array(1),
"update": 0,
"values": [70.0]
}

[sub_resource type="AnimationLibrary" id="AnimationLibrary_sluqh"]
_data = {
"RESET": SubResource("94"),
"demo1": SubResource("93"),
"demo2": SubResource("95"),
"demo3": SubResource("96")
}

[node name="Static" type="Node"]

[node name="Common" type="Node3D" parent="." groups=["cull on complete"]]

[node name="Environment" type="Node3D" parent="Common"]

[node name="LotusGroup" type="Node3D" parent="Common/Environment"]
transform = Transform3D(1, 0, 0, 0, 1, 0, 0, 0, 1, 22.14, 0, 73.86)

[node name="LotusPlatform" parent="Common/Environment/LotusGroup" instance=ExtResource("1_d384b")]
transform = Transform3D(2.25, 0, 0, 0, 1, 0, 0, 0, 2.25, -6.57199, -7.58499, -24.47)

[node name="LotusPlatform2" parent="Common/Environment/LotusGroup" instance=ExtResource("1_d384b")]
transform = Transform3D(2.25, 0, 0, 0, 1, 0, 0, 0, 2.25, 1.007, -9.185, -8.56001)

[node name="LotusPlatform3" parent="Common/Environment/LotusGroup" instance=ExtResource("1_d384b")]
transform = Transform3D(2.25, 0, 0, 0, 1, 0, 0, 0, 2.25, -8.362, -5.08499, -0.720001)

[node name="LotusPlatform4" parent="Common/Environment/LotusGroup" instance=ExtResource("1_d384b")]
transform = Transform3D(2.25, 0, 0, 0, 1, 0, 0, 0, 2.25, 2.14701, -10.085, 8.62)

[node name="LotusPlatform5" parent="Common/Environment/LotusGroup" instance=ExtResource("1_d384b")]
transform = Transform3D(2.25, 0, 0, 0, 1, 0, 0, 0, 2.25, -1.333, -11.114, 25.2199)

[node name="CactusPlatform" parent="Common/Environment" instance=ExtResource("2_y75g5")]
transform = Transform3D(1.5, 0, 0, 0, 1.5, 0, 0, 0, 1.5, 19.576, 6.60001, 112.542)

[node name="CactusPlatform2" parent="Common/Environment" instance=ExtResource("2_y75g5")]
transform = Transform3D(1.5, 0, 0, 0, 1.5, 0, 0, 0, 1.5, 13.166, 12.5, 112.952)

[node name="CactusPlatform3" parent="Common/Environment" instance=ExtResource("2_y75g5")]
transform = Transform3D(2, 0, -2.23517e-07, 0, 2, 0, 2.23517e-07, 0, 2, -14.224, 23.7, 150.362)

[node name="GrassPillar" parent="Common/Environment" instance=ExtResource("3_f3x6u")]
transform = Transform3D(1, 0, 0, 0, 1, 0, 0, 0, 1, -63.5, 16.3, 225.1)

[node name="GrassPillar2" parent="Common/Environment" instance=ExtResource("3_f3x6u")]
transform = Transform3D(-1.8587, 0, 0.923003, 0, 2, 0, -0.738402, 0, -2.32337, -31.7, -5.4, 83.4)

[node name="LotusGroup2" type="Node3D" parent="Common/Environment"]
transform = Transform3D(2.25, 0, 0, 0, 1.2, 0, 0, 0, 2.25, -99.023, -10.734, -11.94)

[node name="LotusPlatform1" parent="Common/Environment/LotusGroup2" instance=ExtResource("1_d384b")]
transform = Transform3D(0.9, 0, 0, 0, 1, 0, 0, 0, 0.9, -7.82566, 0, -10.223)

[node name="LotusPlatform2" parent="Common/Environment/LotusGroup2" instance=ExtResource("1_d384b")]
transform = Transform3D(0.9, 0, 0, 0, 1, 0, 0, 0, 0.9, -1.716, -1.46083, -5.816)

[node name="LotusPlatform3" parent="Common/Environment/LotusGroup2" instance=ExtResource("1_d384b")]
transform = Transform3D(1.2, 0, 0, 0, 1, 0, 0, 0, 1.2, 1.74133, -1.10417, 1.12751)

[node name="LotusPlatform4" parent="Common/Environment/LotusGroup2" instance=ExtResource("1_d384b")]
transform = Transform3D(0.9, 0, 0, 0, 1, 0, 0, 0, 0.9, 4.29776, -2.51584, 7.98932)

[node name="LotusPlatform5" parent="Common/Environment/LotusGroup2" instance=ExtResource("1_d384b")]
transform = Transform3D(0.9, 0, 0, 0, 1, 0, 0, 0, 0.9, 4.21332, -5.34167, 14.4933)

[node name="Dino" type="Node3D" parent="Common/Environment"]
transform = Transform3D(-0.422618, 0, -0.906308, 0, 1, 0, 0.906308, 0, -0.422618, -85.7683, -20.314, -31.0426)
script = ExtResource("4_7yy7k")

[node name="DinoApatos" parent="Common/Environment/Dino" instance=ExtResource("5_tccji")]
transform = Transform3D(1, 0, -2.98023e-08, 0, 1, 0, 2.98023e-08, 0, 1, 0, 0, 0)

[node name="AnimationPlayer" type="AnimationPlayer" parent="Common/Environment/Dino"]
libraries = {
"": SubResource("AnimationLibrary_v21xi")
}

[node name="Objects" type="Node3D" parent="Common"]

[node name="JumpPanel" parent="Common/Objects" instance=ExtResource("6_wsjb6")]
transform = Transform3D(0.955278, 0, 0.295708, 0, 1, 0, -0.295708, 0, 0.955278, 8.87601, -1.75, 36.18)
middleHeight = 12.0
finalHeight = 8.0
distance = 12.0

[node name="JumpPanel2" parent="Common/Objects" instance=ExtResource("6_wsjb6")]
transform = Transform3D(0.955278, 0, 0.295708, 0, 1, 0, -0.295708, 0, 0.955278, 12.793, -1.75, 34.97)
middleHeight = 12.0
finalHeight = 8.0
distance = 12.0

[node name="Spring" parent="Common/Objects" instance=ExtResource("7_t54v7")]
transform = Transform3D(0.778364, -0.138854, -0.612266, 0, 0.975235, -0.221171, 0.627813, 0.172152, 0.759089, 21, 7.412, 110.713)
middleHeight = 18.0
finalHeight = 12.0
distance = 7.0

[node name="Camera3D" type="Node3D" parent="Common/Objects/Spring"]
script = ExtResource("8_srgif")
cameraData = ExtResource("9_1oxnw")

[node name="BoatSection1" type="Node3D" parent="Common/Objects"]
transform = Transform3D(0.999999, 0, 0, 0, 1, 0, 0, 0, 0.999999, -40.58, -5.75, 147.5)

[node name="Boat" parent="Common/Objects/BoatSection1" instance=ExtResource("10_0g3b7")]
transform = Transform3D(0.0871559, 0, -0.996195, 0, 1, 0, 0.996195, 0, 0.0871559, 0, -0.3, 0)

[node name="Start" parent="Common/Objects/BoatSection1" instance=ExtResource("11_3ntm7")]
transform = Transform3D(0.994318, 0, -0.106457, 0, 1, 0, 0.106457, 0, 0.994318, 6.69522, 16.68, -0.218796)
enterMode = 1

[node name="JumpTrigger" type="Node3D" parent="Common/Objects/BoatSection1/Start"]
script = ExtResource("12_t28j3")
targetNode = NodePath("../../Boat")
peakHeight = 2.0

[node name="CollisionShape3D" type="CollisionShape3D" parent="Common/Objects/BoatSection1/Start"]
shape = SubResource("23")

[node name="End" parent="Common/Objects/BoatSection1" instance=ExtResource("11_3ntm7")]
transform = Transform3D(0.2117, 0, 0.977336, 0, 1, 0, -0.977336, 0, 0.2117, -18.3607, 1.73, 63.0856)
enterMode = 1

[node name="JumpTrigger" type="Node3D" parent="Common/Objects/BoatSection1/End"]
script = ExtResource("12_t28j3")
targetNode = NodePath("../../FlyingPot")
peakHeight = 3.0

[node name="CollisionShape3D" type="CollisionShape3D" parent="Common/Objects/BoatSection1/End"]
shape = SubResource("23")

[node name="FlyingPot" parent="Common/Objects/BoatSection1" instance=ExtResource("13_0pim3")]
transform = Transform3D(0.727378, 0, -0.686237, 0, 1, 0, 0.686237, 0, 0.727378, -19.2578, 3.13, 66.804)
travelBounds = Vector2(2.5, 30)

[node name="SpringPath" type="Node3D" parent="Common/Objects"]
transform = Transform3D(1, 0, 0, 0, 1, 0, 0, 0, 1, -63.5, 16.3, 225.1)

[node name="Spring" parent="Common/Objects/SpringPath" instance=ExtResource("7_t54v7")]
transform = Transform3D(0.747024, -0.575731, 0.332397, 0, 0.499998, 0.866027, -0.664797, -0.646942, 0.373511, -0.557281, 10.052, -3.07292)
middleHeight = 8.0
finalHeight = 10.0
distance = 27.0

[node name="Spring2" parent="Common/Objects/SpringPath" instance=ExtResource("7_t54v7")]
transform = Transform3D(0.985426, 0.134906, -0.103618, 0.0418479, 0.398156, 0.916362, 0.164879, -0.907344, 0.386707, -18.2853, 19.6342, -23.1258)
collision_layer = 0
monitorable = false
middleHeight = 2.0
finalHeight = -6.0
distance = 44.0

[node name="Spring3" parent="Common/Objects/SpringPath" instance=ExtResource("7_t54v7")]
transform = Transform3D(0.83508, 0.418437, -0.357143, 0.0418832, 0.598957, 0.799684, 0.548532, -0.682758, 0.482652, -11.7185, 13.9955, -66.0561)
collision_layer = 0
monitorable = false
middleHeight = 10.0
finalHeight = 6.0
distance = 50.0

[node name="PathChanger" type="Node3D" parent="Common/Objects/SpringPath/Spring3" node_paths=PackedStringArray("path")]
script = ExtResource("14_nk68g")
path = NodePath("../../../../../Path/SpringPath")

[node name="BoatSection2" type="Node3D" parent="Common/Objects"]
transform = Transform3D(-0.939692, 0, 0.34202, 0, 1, 0, -0.34202, 0, -0.939692, -88.22, -5.75, 187.09)

[node name="Start1" parent="Common/Objects/BoatSection2" instance=ExtResource("11_3ntm7")]
transform = Transform3D(-0.183184, 0, 0.983079, 0, 1, 0, -0.983079, 0, -0.183184, -0.732456, 10.14, -9.82281)
enterMode = 1

[node name="JumpTrigger" type="Node3D" parent="Common/Objects/BoatSection2/Start1"]
transform = Transform3D(1, 0, -7.45058e-08, 0, 1, 0, 7.45058e-08, 0, 1, 0, -5.78, 0)
script = ExtResource("12_t28j3")
targetNode = NodePath("../../Boat1")
peakHeight = 5.0

[node name="CollisionShape3D" type="CollisionShape3D" parent="Common/Objects/BoatSection2/Start1"]
shape = SubResource("23")

[node name="Boat1" parent="Common/Objects/BoatSection2" instance=ExtResource("10_0g3b7")]

[node name="Start2" parent="Common/Objects/BoatSection2" instance=ExtResource("11_3ntm7")]
transform = Transform3D(-0.268169, 0, 0.963372, 0, 1, 0, -0.963372, 0, -0.268169, 48.042, 10.14, 121.37)
enterMode = 1

[node name="JumpTrigger" type="Node3D" parent="Common/Objects/BoatSection2/Start2"]
transform = Transform3D(1, 0, 0, 0, 1, 0, 0, 0, 1, -0.899979, -2.056, -1.52588e-05)
script = ExtResource("12_t28j3")
targetNode = NodePath("../../Boat2")
peakHeight = 2.0

[node name="CollisionShape3D" type="CollisionShape3D" parent="Common/Objects/BoatSection2/Start2"]
shape = SubResource("23")

[node name="Boat2" parent="Common/Objects/BoatSection2" instance=ExtResource("10_0g3b7")]
transform = Transform3D(-0.984807, 0, -0.173648, 0, 1, 0, 0.173648, 0, -0.984807, 47.2927, 0, 114.937)

[node name="End" parent="Common/Objects/BoatSection2" instance=ExtResource("11_3ntm7")]
transform = Transform3D(-0.90217, 0, -0.431382, 0, 1, 0, 0.431382, 0, -0.90217, 77.3081, 1.7, 58.3825)
enterMode = 1

[node name="PathTrigger" type="Node3D" parent="Common/Objects/BoatSection2/End"]
transform = Transform3D(1, 0, -2.23517e-08, 0, 1, 0, 2.23517e-08, 0, 1, -10.8199, 2.52, 1.52588e-05)
script = ExtResource("14_nk68g")

[node name="JumpTrigger" type="Node3D" parent="Common/Objects/BoatSection2/End"]
script = ExtResource("12_t28j3")
targetNode = NodePath("../PathTrigger")
peakHeight = 5.0

[node name="CollisionShape3D" type="CollisionShape3D" parent="Common/Objects/BoatSection2/End"]
transform = Transform3D(1, 0, 1.49012e-08, 0, 1, 0, -1.49012e-08, 0, 1, 0, 0, 0)
shape = SubResource("23")

[node name="Spring" parent="Common/Objects/BoatSection2" instance=ExtResource("7_t54v7")]
transform = Transform3D(0.819156, 0, 0.573572, 0, 1, 0, -0.573572, 0, 0.819156, 112.923, 4.301, 49.032)
middleHeight = 8.0
finalHeight = 8.0

[node name="WallCull1" type="Node3D" parent="Common/Objects/BoatSection2" node_paths=PackedStringArray("targetNode")]
transform = Transform3D(-0.970763, 0, -0.24004, 0, 1, 0, 0.24004, 0, -0.970763, -37.443, 16.68, 55.9918)
script = ExtResource("15_e1nfe")
targetNode = NodePath("../../../../Collision/BoatWall1")
modifyTree = true

[node name="WallCull2" type="Node3D" parent="Common/Objects/BoatSection2" node_paths=PackedStringArray("targetNode")]
transform = Transform3D(-0.970763, 0, -0.24004, 0, 1, 0, 0.24004, 0, -0.970763, -37.443, 16.68, 55.9918)
script = ExtResource("15_e1nfe")
targetNode = NodePath("../../../../Collision/BoatWall2")
modifyTree = true

[node name="BoatSection3" type="Node3D" parent="Common/Objects"]
transform = Transform3D(-0.615661, 0, 0.788011, 0, 1, 0, -0.788011, 0, -0.615661, -149.26, -5.75, 40.68)

[node name="Boat" parent="Common/Objects/BoatSection3" instance=ExtResource("10_0g3b7")]

[node name="Start" parent="Common/Objects/BoatSection3" instance=ExtResource("11_3ntm7")]
transform = Transform3D(0.0813652, 0, 0.996684, 0, 1, 0, -0.996684, 0, 0.0813652, -0.482567, 10.14, -9.13567)
enterMode = 1

[node name="JumpTrigger" type="Node3D" parent="Common/Objects/BoatSection3/Start"]
transform = Transform3D(1, 0, 0, 0, 1, 0, 0, 0, 1, 1.311, 1.606, 3.8147e-06)
script = ExtResource("12_t28j3")
targetNode = NodePath("../../Boat")
peakHeight = 2.0

[node name="CollisionShape3D" type="CollisionShape3D" parent="Common/Objects/BoatSection3/Start"]
shape = SubResource("23")

[node name="End" parent="Common/Objects/BoatSection3" instance=ExtResource("11_3ntm7")]
transform = Transform3D(-0.896225, 0, 0.443598, 0, 1, 0, -0.443598, 0, -0.896225, 54.0206, 1.1, 20.2561)

[node name="JumpTrigger" type="Node3D" parent="Common/Objects/BoatSection3/End"]
transform = Transform3D(1, 0, -2.98023e-08, 0, 1, 0, 2.98023e-08, 0, 1, -1.37001, 0, 2.38213)
script = ExtResource("12_t28j3")
targetNode = NodePath("../../../DinoBridge/DinoSwitchRight")
targetPosition = Vector3(0, -0.5, -0.5)
peakHeight = 4.5

[node name="CollisionShape3D" type="CollisionShape3D" parent="Common/Objects/BoatSection3/End"]
transform = Transform3D(0.819152, 0, -0.573578, 0, 1, 0, 0.573578, 0, 0.819152, -2.30632, -0.99, 1.56245)
shape = SubResource("92")

[node name="End2" parent="Common/Objects/BoatSection3" instance=ExtResource("11_3ntm7")]
transform = Transform3D(-0.150679, 0, 0.988582, 0, 1, 0, -0.988582, 0, -0.150679, 63.051, 1.1, 13.7329)

[node name="JumpTrigger" type="Node3D" parent="Common/Objects/BoatSection3/End2"]
transform = Transform3D(1, 0, 2.98023e-08, 0, 1, 0, -2.98023e-08, 0, 1, -1.36996, 0, 0.646347)
script = ExtResource("12_t28j3")
targetNode = NodePath("../../../DinoBridge/DinoSwitchLeft")
targetPosition = Vector3(0, -0.5, -0.5)
peakHeight = 4.5

[node name="CollisionShape3D" type="CollisionShape3D" parent="Common/Objects/BoatSection3/End2"]
transform = Transform3D(0.955165, 0, -0.296079, 0, 1, 0, 0.296079, 0, 0.955165, -5.50364, -0.99, 5.2406)
shape = SubResource("92")

[node name="DinoBridge" type="Node3D" parent="Common/Objects"]
transform = Transform3D(-0.424705, 0, -0.905332, 0, 1, 0, 0.905332, 0, -0.424705, -84.862, -20.314, -30.62)

[node name="DinoJump" parent="Common/Objects/DinoBridge" instance=ExtResource("11_3ntm7")]
transform = Transform3D(0.999436, -1.35516e-08, -0.0335445, 1.40993e-08, 1, 1.60936e-08, 0.0335445, -1.65575e-08, 0.999436, -0.0546846, 19.576, -49.5789)
enterMode = 1

[node name="Jump" type="Node3D" parent="Common/Objects/DinoBridge/DinoJump"]
script = ExtResource("12_t28j3")
targetNode = NodePath("")
peakHeight = 0.5

[node name="Target" type="Node3D" parent="Common/Objects/DinoBridge/DinoJump/Jump"]
transform = Transform3D(1, -7.99361e-15, -2.98023e-08, -6.66134e-15, 1, -6.66134e-16, 2.98023e-08, 6.43929e-15, 1, 0, -1, -5)

[node name="CollisionShape3D" type="CollisionShape3D" parent="Common/Objects/DinoBridge/DinoJump"]
shape = SubResource("61")
disabled = true

[node name="DinoSwitchRight" parent="Common/Objects/DinoBridge" instance=ExtResource("16_i7wrh")]
transform = Transform3D(1, 0, -1.19209e-07, 0, 1, 0, 1.19209e-07, 0, 1, 42.8149, 18.227, 72.0619)

[node name="DinoSwitchLeft" parent="Common/Objects/DinoBridge" instance=ExtResource("16_i7wrh")]
transform = Transform3D(1, 0, -1.49012e-07, 0, 1, 0, 1.49012e-07, 0, 1, 40.7799, 18.227, 76.2739)

[node name="DinoLockout" parent="Common/Objects/DinoBridge" instance=ExtResource("11_3ntm7")]
transform = Transform3D(0.972006, -1.35515e-08, -0.234955, 1.70625e-08, 1, 1.291e-08, 0.234955, -1.65575e-08, 0.972006, -6.26522, 34.652, -6.34328)
triggerMode = 2

[node name="Lockout" type="Node3D" parent="Common/Objects/DinoBridge/DinoLockout"]
transform = Transform3D(1, -4.44089e-16, 2.98023e-08, -4.44089e-16, 1, -2.22045e-16, -2.98023e-08, -2.22045e-16, 1, 0, 0, 0)

[node name="PathChanger" type="Node3D" parent="Common/Objects/DinoBridge/DinoLockout"]
script = ExtResource("14_nk68g")

[node name="CollisionShape3D" type="CollisionShape3D" parent="Common/Objects/DinoBridge/DinoLockout"]
transform = Transform3D(1, 8.88178e-16, -2.98023e-08, -1.77636e-15, 1, -2.22045e-15, 2.98023e-08, -1.55431e-15, 1, 0, 0, 0)
shape = SubResource("60")

[node name="Triggers" type="Node3D" parent="Common"]

[node name="Lilypads" parent="Common/Triggers" instance=ExtResource("11_3ntm7")]
transform = Transform3D(1, 0, 0, 0, 1, 0, 0, 0, 1, 13.731, 10.167, 43.762)
triggerMode = 2
enterMode = 1
exitMode = 2

[node name="Camera" type="Node3D" parent="Common/Triggers/Lilypads"]
script = ExtResource("8_srgif")
cameraData = ExtResource("17_t5kt4")

[node name="CollisionShape3D" type="CollisionShape3D" parent="Common/Triggers/Lilypads"]
shape = SubResource("27")

[node name="Waterfall" parent="Common/Triggers" instance=ExtResource("11_3ntm7")]
transform = Transform3D(1, 0, 0, 0, 1, 0, 0, 0, 1, 11.815, 19.049, 120.856)
triggerMode = 2
enterMode = 1
exitMode = 2

[node name="Camera" type="Node3D" parent="Common/Triggers/Waterfall"]
script = ExtResource("8_srgif")
cameraData = ExtResource("18_rq1km")

[node name="CollisionShape3D" type="CollisionShape3D" parent="Common/Triggers/Waterfall"]
shape = SubResource("27")

[node name="Waterfall2" parent="Common/Triggers" instance=ExtResource("11_3ntm7")]
transform = Transform3D(0.906307, 0, 0.422619, 0, 1, 0, -0.422619, 0, 0.906307, -17.7306, 14.338, 145.282)
enterMode = 1

[node name="Camera3D" type="Node3D" parent="Common/Triggers/Waterfall2"]
script = ExtResource("8_srgif")
cameraData = ExtResource("19_mb5m1")

[node name="CollisionShape3D" type="CollisionShape3D" parent="Common/Triggers/Waterfall2"]
transform = Transform3D(1, 0, -2.98023e-08, 0, 1, 0, 2.98023e-08, 0, 1, 0, 0, 0)
shape = SubResource("28")

[node name="PotCorner" parent="Common/Triggers" instance=ExtResource("11_3ntm7")]
transform = Transform3D(0.68624, 0, -0.727375, 0, 1, 0, 0.727375, 0, 0.68624, -67.0516, 17.688, 221.486)
triggerMode = 2
exitMode = 2

[node name="Camera3D" type="Node3D" parent="Common/Triggers/PotCorner"]
script = ExtResource("8_srgif")
cameraData = ExtResource("20_dbata")

[node name="CollisionShape3D" type="CollisionShape3D" parent="Common/Triggers/PotCorner"]
transform = Transform3D(1, 0, 0, 0, 1, 0, 0, 0, 1, 0, 7.385, 0)
shape = SubResource("67")

[node name="CollisionShape2" type="CollisionShape3D" parent="Common/Triggers/PotCorner"]
transform = Transform3D(0.766044, 0, -0.642789, 0, 1, 0, 0.642789, 0, 0.766044, -30.3568, -10.441, 5.83441)
shape = SubResource("62")

[node name="PotCliff" parent="Common/Triggers" instance=ExtResource("11_3ntm7")]
transform = Transform3D(0.727373, 0, -0.686243, 0, 1, 0, 0.686243, 0, 0.727373, -86.3081, 6.917, 218.001)

[node name="Camera3D" type="Node3D" parent="Common/Triggers/PotCliff"]
script = ExtResource("8_srgif")
cameraData = ExtResource("21_l6y3p")

[node name="CollisionShape3D" type="CollisionShape3D" parent="Common/Triggers/PotCliff"]
shape = SubResource("63")

[node name="Cavern" parent="Common/Triggers" instance=ExtResource("11_3ntm7")]
transform = Transform3D(0.573575, -8.83923e-09, -0.819153, 5.8097e-09, 1, -6.72271e-09, 0.819153, -9.03053e-10, 0.573575, -101.864, 1.258, 135.592)
triggerMode = 2

[node name="Camera3D" type="Node3D" parent="Common/Triggers/Cavern"]
script = ExtResource("8_srgif")
cameraData = ExtResource("22_r7t2k")

[node name="CollisionShape3D" type="CollisionShape3D" parent="Common/Triggers/Cavern"]
shape = SubResource("64")

[node name="SpringTurn" parent="Common/Triggers" instance=ExtResource("11_3ntm7")]
transform = Transform3D(0.573575, -8.83923e-09, -0.819153, 5.8097e-09, 1, -6.72271e-09, 0.819153, -9.03053e-10, 0.573575, -151.833, 1.258, 107.145)

[node name="Camera3D" type="Node3D" parent="Common/Triggers/SpringTurn"]
script = ExtResource("8_srgif")
cameraData = ExtResource("23_a2uhp")

[node name="CollisionShape3D" type="CollisionShape3D" parent="Common/Triggers/SpringTurn"]
shape = SubResource("65")

[node name="SpringStraight" parent="Common/Triggers" instance=ExtResource("11_3ntm7")]
transform = Transform3D(0.573575, -8.83923e-09, -0.819153, 5.8097e-09, 1, -6.72271e-09, 0.819153, -9.03053e-10, 0.573575, -179.31, 9.801, 94.8859)

[node name="Camera3D" type="Node3D" parent="Common/Triggers/SpringStraight"]
transform = Transform3D(1, 2.22045e-16, 2.98023e-08, -5.55112e-16, 1, 5.55112e-16, -2.98023e-08, 5.55112e-17, 1, 0, 0, 0)
script = ExtResource("8_srgif")
cameraData = ExtResource("23_a2uhp")

[node name="CollisionShape3D" type="CollisionShape3D" parent="Common/Triggers/SpringStraight"]
shape = SubResource("65")

[node name="SplitMainPath" parent="Common/Triggers" instance=ExtResource("11_3ntm7")]
transform = Transform3D(-0.809232, 0, -0.58749, 0, 1, 0, 0.58749, 0, -0.809232, -151.509, -0.950988, -47.7019)

[node name="PathChanger" type="Node3D" parent="Common/Triggers/SplitMainPath" node_paths=PackedStringArray("path")]
script = ExtResource("14_nk68g")
path = NodePath("../../../../Path/MainPath")

[node name="CollisionShape3D" type="CollisionShape3D" parent="Common/Triggers/SplitMainPath"]
shape = SubResource("48")

[node name="CollisionShape2" type="CollisionShape3D" parent="Common/Triggers/SplitMainPath"]
transform = Transform3D(0.957989, -3.18065e-09, 0.286804, 2.44372e-09, 1, 2.92741e-09, -0.286804, -2.10356e-09, 0.957989, 3.90067, 11.505, 4.63054)
shape = SubResource("54")

[node name="SplitRightPath" parent="Common/Triggers" instance=ExtResource("11_3ntm7")]
transform = Transform3D(-0.852324, 0, -0.523014, 0, 1, 0, 0.523014, 0, -0.852324, -163.633, 6.04701, -23.9871)

[node name="PathChanger" type="Node3D" parent="Common/Triggers/SplitRightPath" node_paths=PackedStringArray("path")]
script = ExtResource("14_nk68g")
path = NodePath("../../../../Path/RightPath")

[node name="CollisionShape3D" type="CollisionShape3D" parent="Common/Triggers/SplitRightPath"]
shape = SubResource("59")

[node name="SplitCamera" parent="Common/Triggers" instance=ExtResource("11_3ntm7")]
transform = Transform3D(-0.836752, 0, -0.547582, 0, 1, 0, 0.547582, 0, -0.836752, -168.341, 14.338, -28.4328)

[node name="Camera3D" type="Node3D" parent="Common/Triggers/SplitCamera"]
script = ExtResource("8_srgif")
cameraData = ExtResource("24_swc1p")

[node name="CollisionShape3D" type="CollisionShape3D" parent="Common/Triggers/SplitCamera"]
shape = SubResource("49")

[node name="SplitCameraMain" parent="Common/Triggers" instance=ExtResource("11_3ntm7")]
transform = Transform3D(-0.622041, 0, -0.782985, 0, 1, 0, 0.782985, 0, -0.622041, -154.978, 14.338, -47.1407)
triggerMode = 2
exitMode = 2

[node name="Camera3D" type="Node3D" parent="Common/Triggers/SplitCameraMain"]
script = ExtResource("8_srgif")
cameraData = ExtResource("25_giqra")

[node name="CollisionShape3D" type="CollisionShape3D" parent="Common/Triggers/SplitCameraMain"]
shape = SubResource("50")

[node name="SplitRight" parent="Common/Triggers" instance=ExtResource("11_3ntm7")]
transform = Transform3D(-0.803497, 0, -0.595309, 0, 1, 0, 0.595309, 0, -0.803497, -152.883, 14.338, -30.9404)
triggerMode = 2

[node name="Camera3D" type="Node3D" parent="Common/Triggers/SplitRight"]
script = ExtResource("8_srgif")
cameraData = ExtResource("26_cyy8i")

[node name="CollisionShape3D" type="CollisionShape3D" parent="Common/Triggers/SplitRight"]
shape = SubResource("51")

[node name="SplitCameraLotusPath" parent="Common/Triggers" instance=ExtResource("11_3ntm7")]
transform = Transform3D(-0.803497, 0, -0.595309, 0, 1, 0, 0.595309, 0, -0.803497, -138.222, 14.338, -42.4414)

[node name="Camera3D" type="Node3D" parent="Common/Triggers/SplitCameraLotusPath"]
script = ExtResource("8_srgif")
cameraData = ExtResource("27_a0qr0")

[node name="CollisionShape3D" type="CollisionShape3D" parent="Common/Triggers/SplitCameraLotusPath"]
transform = Transform3D(1, 0, 0, 0, 1, 0, 0, 0, 1, 10.225, 0, -1.52588e-05)
shape = SubResource("52")

[node name="WaterTrigger" parent="Common/Triggers" instance=ExtResource("11_3ntm7")]
transform = Transform3D(1, 0, 0, 0, 1, 0, 0, 0, 1, -79.02, -16, -54.61)

[node name="DeathTrigger" type="Node3D" parent="Common/Triggers/WaterTrigger"]
script = ExtResource("28_kp8ug")
triggerType = 1

[node name="CollisionShape3D" type="CollisionShape3D" parent="Common/Triggers/WaterTrigger"]
shape = SubResource("19")

[node name="Collision" parent="." instance=ExtResource("29_eiiea")]
visible = false

[node name="Visuals" type="Node3D" parent="."]

[node name="Sun" type="DirectionalLight3D" parent="Visuals"]
transform = Transform3D(0.794621, 0.189658, 0.576721, -0.604321, 0.156225, 0.781274, 0.0580771, -0.969342, 0.238754, 0, 0, 0)
light_energy = 0.8
light_cull_mask = 4293918723
shadow_enabled = true
directional_shadow_fade_start = 0.9
directional_shadow_pancake_size = 0.0

[node name="DJAct2" parent="Visuals" instance=ExtResource("30_ymmwk")]

[node name="DJSky" parent="Visuals" instance=ExtResource("31_rnkde")]

[node name="PlanarReflectionRenderer" parent="Visuals" instance=ExtResource("32_2v3ne")]
reflectionMaterials = [ExtResource("33_kheyr")]
reflectorHeight = -6.0

[node name="Path" type="Node3D" parent="."]
visible = false

[node name="MainPath" type="Path3D" parent="Path"]
transform = Transform3D(1, 0, 0, 0, 1, 0, 0, 0, 1, -37.637, 0, -8.45996)
curve = ExtResource("32_5d1j5")

[node name="RightPath" type="Path3D" parent="Path"]
transform = Transform3D(1, 0, 0, 0, 1, 0, 0, 0, 1, -168.103, 0, -21.75)
curve = ExtResource("33_quywa")

[node name="SpringPath" type="Path3D" parent="Path"]
transform = Transform3D(1, 0, 0, 0, 1, 0, 0, 0, 1, -81.861, 0, 202.215)
curve = ExtResource("34_2rl0i")

[node name="DemoCamera" type="Node3D" parent="."]
transform = Transform3D(-0.748955, 0, 0.662621, 0, 1, 0, -0.662621, 0, -0.748955, 119.668, 35.9585, -70.5782)

[node name="Camera" type="Camera3D" parent="DemoCamera"]
transform = Transform3D(1, 0, 0, 0, 0.978148, 0.207912, 0, -0.207912, 0.978148, 0, 0, 0)
cull_mask = 3
fov = 30.0
far = 5000.0

[node name="AnimationPlayer" type="AnimationPlayer" parent="DemoCamera"]
libraries = {
"": SubResource("AnimationLibrary_sluqh")
}
next/demo1 = &"demo2"
next/demo2 = &"demo3"
next/demo3 = &"demo1"

[node name="BGM" parent="." instance=ExtResource("35_dxojr")]

[node name="WorldEnvironment" type="WorldEnvironment" parent="."]
environment = ExtResource("36_vlkax")

[connection signal="Activated" from="Common/Environment/Dino" to="Common/Objects/DinoBridge/DinoSwitchRight" method="Activate"]
[connection signal="Activated" from="Common/Environment/Dino" to="Common/Objects/DinoBridge/DinoSwitchLeft" method="Activate"]
[connection signal="Activated" from="Common/Objects/Spring" to="Common/Objects/Spring/Camera3D" method="Activate"]
[connection signal="Activated" from="Common/Objects/BoatSection1/End" to="Common/Objects/BoatSection1/Boat" method="Despawn"]
[connection signal="Activated" from="Common/Objects/BoatSection2/Start1" to="Common/Objects/BoatSection2/WallCull1" method="Activate"]
[connection signal="Activated" from="Common/Objects/BoatSection2/Start1" to="Common/Objects/BoatSection2/WallCull2" method="Deactivate"]
