[gd_scene load_steps=43 format=3 uid="uid://dm26efhw166t3"]

[ext_resource type="PackedScene" uid="uid://cby2m0q2072c2" path="res://area/2 dino jungle/act 1/Static.tscn" id="1_pfnnp"]
[ext_resource type="Resource" uid="uid://fpmqt2xm6j88" path="res://resource/level data/dinosaur jungle/Act1Deathless.tres" id="2_eujgb"]
[ext_resource type="PackedScene" uid="uid://bn6wr6l8s3qyt" path="res://object/trigger/StageTrigger.tscn" id="4_j357d"]
[ext_resource type="PackedScene" uid="uid://cjupypih0myxo" path="res://object/player/CharacterSpawn.tscn" id="8_uurof"]
[ext_resource type="Script" path="res://object/trigger/modules/CullingTrigger.cs" id="10_bpxid"]
[ext_resource type="PackedScene" uid="uid://cnwhks8ciopdd" path="res://area/2 dino jungle/object/rock/WhiteRock.tscn" id="12_3rt5u"]
[ext_resource type="Script" path="res://addons/custom_nodes/script/ObjectGenerator.cs" id="13_t2ivm"]
[ext_resource type="PackedScene" uid="uid://c7l8mr7ubn848" path="res://object/stage/pickups/Ring.tscn" id="14_s3ehh"]
[ext_resource type="PackedScene" uid="uid://d0b2gvx7s6s8u" path="res://object/stage/pickups/Pearl.tscn" id="16_p4el2"]
[ext_resource type="PackedScene" uid="uid://dhb5ti1oiktuk" path="res://area/2 dino jungle/object/Cactus.tscn" id="17_j1002"]
[ext_resource type="Script" path="res://object/trigger/modules/PathTrigger.cs" id="18_16hbr"]
[ext_resource type="PackedScene" uid="uid://cuplakh6fkalc" path="res://area/2 dino jungle/object/Boat.tscn" id="21_hksq0"]
[ext_resource type="Script" path="res://object/trigger/modules/CameraTrigger.cs" id="22_0v6ed"]
[ext_resource type="Resource" uid="uid://bfbyijcgdiudd" path="res://area/2 dino jungle/act 1/camera/BoatCam.tres" id="23_uvnk4"]
[ext_resource type="Script" path="res://object/trigger/modules/JumpTrigger.cs" id="24_yafmr"]
[ext_resource type="PackedScene" uid="uid://ctt8k8ju64i3l" path="res://object/enemy/flower/FlowerMajin.tscn" id="26_gueui"]
[ext_resource type="PackedScene" uid="uid://b8m1x0tudbcbd" path="res://object/stage/common/Spring.tscn" id="27_jalqt"]
[ext_resource type="PackedScene" uid="uid://2h6xrqn3jp6l" path="res://object/stage/destructable/Cage.tscn" id="33_ejpf8"]
[ext_resource type="PackedScene" uid="uid://cu6lpq7q82grk" path="res://object/stage/pickups/FireSoul.tscn" id="34_b450k"]
[ext_resource type="PackedScene" uid="uid://87lgwwefd4g4" path="res://object/stage/common/JumpPanel.tscn" id="35_6bbv0"]
[ext_resource type="PackedScene" uid="uid://b0uekqdfkbg6h" path="res://object/stage/common/ItemBox.tscn" id="39_rfq2b"]
[ext_resource type="PackedScene" uid="uid://68st06xyjgvp" path="res://object/stage/pickups/RichRing.tscn" id="40_royyl"]
[ext_resource type="PackedScene" uid="uid://8imymng7so3h" path="res://object/enemy/majin/data/dino jungle/BlueMajin.tscn" id="44_o661y"]
[ext_resource type="PackedScene" uid="uid://dadka31wrx5f4" path="res://object/enemy/majin/data/dino jungle/GreenMajin.tscn" id="46_48xhe"]
[ext_resource type="PackedScene" uid="uid://bqvtcp8tkbfyt" path="res://object/stage/common/SpikeBall.tscn" id="53_mvw5k"]
[ext_resource type="PackedScene" uid="uid://byqsn4npjn7e1" path="res://area/2 dino jungle/object/platform/LogPlatform.tscn" id="54_6u1fb"]
[ext_resource type="PackedScene" uid="uid://dermptym044v8" path="res://object/enemy/majin/data/dino jungle/RedMajin.tscn" id="56_jc26q"]
[ext_resource type="PackedScene" uid="uid://cc64d8h51jyx2" path="res://object/stage/common/ItemBoxFlying.tscn" id="57_qyym7"]
[ext_resource type="PackedScene" uid="uid://cxb1fxhrsja13" path="res://object/stage/common/SpikeBallStatic.tscn" id="60_vmx68"]
[ext_resource type="PackedScene" uid="uid://cclwh52o4uphx" path="res://object/stage/common/InvisibleGrindrail.tscn" id="62_moj82"]
[ext_resource type="Resource" uid="uid://c68trpv4sbq1b" path="res://area/2 dino jungle/act 1/camera/EndJumpPanelCam.tres" id="62_tya6t"]
[ext_resource type="Resource" uid="uid://dhwqg5pqdd5d0" path="res://area/2 dino jungle/act 1/camera/2ndEndIslandCam.tres" id="63_fr61p"]
[ext_resource type="PackedScene" uid="uid://dxepb172kmp8n" path="res://object/stage/common/Goal.tscn" id="64_e3ve0"]
[ext_resource type="PackedScene" uid="uid://ddqtfsujegqep" path="res://object/stage/common/SpikeBallSpawner.tscn" id="64_o1ga3"]
[ext_resource type="PackedScene" uid="uid://dj1cswbo7iqnb" path="res://area/2 dino jungle/object/platform/LotusPlatform.tscn" id="67_rc23u"]

[sub_resource type="BoxShape3D" id="BoxShape3D_mynxt"]
size = Vector3(12, 20, 1)

[sub_resource type="BoxShape3D" id="BoxShape3D_fe0e4"]
size = Vector3(15, 20, 2)

[sub_resource type="Curve" id="Curve_hrcpv"]
max_value = 2.0
_data = [Vector2(0, 0.567536), 0.0, -4.55979, 0, 0, Vector2(0.00162866, 1.27607), -4.41343, -4.41343, 0, 0, Vector2(0.0928339, 1.04234), 0.0, 0.0, 0, 0, Vector2(0.164495, 1.35905), 0.0, 0.0, 0, 0, Vector2(0.242671, 1.56102), 7.68409, 7.68409, 0, 0, Vector2(0.415309, 1.4609), -3.73895, -3.73895, 0, 0, Vector2(0.602606, 0.991114), 0.0, 0.0, 0, 0, Vector2(0.700326, 2), -2.97731, -2.97731, 0, 0, Vector2(0.794788, 1.05273), -0.429878, -0.429878, 0, 0, Vector2(0.85342, 1.51481), -19.3446, -19.3446, 0, 0, Vector2(0.915309, 1.63803), -18.4419, -18.4419, 0, 0, Vector2(0.985342, 1.73608), 0.0, 0.0, 0, 0, Vector2(1, 1.08005), -0.591086, 0.0, 0, 0]
point_count = 13

[sub_resource type="BoxShape3D" id="BoxShape3D_qg6tk"]
size = Vector3(20, 20, 2.5)

[sub_resource type="Curve" id="Curve_uq24a"]
max_value = 2.0
_data = [Vector2(0, 0), 0.0, 0.0, 0, 0, Vector2(1, 1.5), 4.39315, 0.0, 0, 0]
point_count = 2

[sub_resource type="Curve" id="Curve_whubg"]
max_value = 1.5
_data = [Vector2(0, 0), 0.0, 0.0, 0, 0, Vector2(1, 1.275), 3.0, 0.0, 0, 0]
point_count = 2

[sub_resource type="BoxShape3D" id="BoxShape3D_7im1x"]
size = Vector3(15, 20, 2.5)

[node name="Stage" type="Node"]

[node name="Static" parent="." instance=ExtResource("1_pfnnp")]
Data = ExtResource("2_eujgb")
metadata/_edit_group_ = true

[node name="01Chase" parent="Static/Visuals" index="1"]
startEnabled = false

[node name="05Crossing" parent="Static/Visuals" index="5"]
startEnabled = true

[node name="06CavernEntrance" parent="Static/Visuals" index="6"]
startEnabled = true

[node name="RiverBoatPathFollower" parent="Static/Path/RiverPath" index="0"]
transform = Transform3D(-4.37114e-08, 0, 1, 0, 1, 0, -1, 0, -4.37114e-08, 0, 0, 0)

[node name="CavernBoatPathFollower" parent="Static/Path/BoatPath" index="0"]
transform = Transform3D(0.683927, 0, -0.729551, 0, 1, 0, 0.729551, 0, 0.683927, 0, 0, 0)

[node name="MainAct" type="Node3D" parent="."]

[node name="SpawnPosition" type="Node3D" parent="MainAct"]
transform = Transform3D(0.642788, 0, -0.766044, 0, 1, 0, 0.766044, 0, 0.642788, -440, -268, -1145)
metadata/_edit_lock_ = true

[node name="CharacterSpawn" parent="MainAct/SpawnPosition" instance=ExtResource("8_uurof")]

[node name="CullingMap" type="Node3D" parent="MainAct"]

[node name="FeedingTunnel-L" parent="MainAct/CullingMap" instance=ExtResource("4_j357d")]
transform = Transform3D(0.200599, 0, -0.979673, 0, 1, 0, 0.979673, 0, 0.200599, -568.268, -280.893, -1086.22)
"Enter Mode" = 0

[node name="CollisionShape3D" type="CollisionShape3D" parent="MainAct/CullingMap/FeedingTunnel-L"]
transform = Transform3D(1, 0, 0, 0, 1, 0, 0, 0, 1, 0, 8, 0)
shape = SubResource("BoxShape3D_mynxt")

[node name="Cavern-U" parent="MainAct/CullingMap" instance=ExtResource("4_j357d")]
transform = Transform3D(-0.238822, 0, -0.971063, 0, 1, 0, 0.971063, 0, -0.238822, -646.547, -277.96, -1056.96)
"Trigger Mode" = 2
"Exit Mode" = 2

[node name="CollisionShape3D" type="CollisionShape3D" parent="MainAct/CullingMap/Cavern-U"]
transform = Transform3D(1, 0, 0, 0, 1, 0, 0, 0, 1, 0, 8, 0)
shape = SubResource("BoxShape3D_mynxt")

[node name="End-L" parent="MainAct/CullingMap" instance=ExtResource("4_j357d")]
transform = Transform3D(-4.37114e-08, 0, -1, 0, 1, 0, 1, 0, -4.37114e-08, -669.765, -265.596, -1044.62)
"Trigger Mode" = 2
"Exit Mode" = 2

[node name="CollisionShape3D" type="CollisionShape3D" parent="MainAct/CullingMap/End-L"]
transform = Transform3D(1, 0, 0, 0, 1, 0, 0, 0, 1, 0, 8, 0)
shape = SubResource("BoxShape3D_mynxt")

[node name="FeedingTunnel-U" parent="MainAct/CullingMap" instance=ExtResource("4_j357d")]
transform = Transform3D(0.173648, 0, -0.984808, 0, 1, 0, 0.984808, 0, 0.173648, -737.443, -262.022, -1072.15)
"Trigger Mode" = 2
"Exit Mode" = 2

[node name="CollisionShape3D" type="CollisionShape3D" parent="MainAct/CullingMap/FeedingTunnel-U"]
transform = Transform3D(1, 0, 0, 0, 1, 0, 0, 0, 1, 0, 8, 0)
shape = SubResource("BoxShape3D_mynxt")

[node name="Crossing" type="Node3D" parent="MainAct"]
transform = Transform3D(1, 0, 0, 0, 1, 0, 0, 0, 1, -438.049, -281, -1144.8)
script = ExtResource("10_bpxid")
startEnabled = true
saveVisibilityOnCheckpoint = true

[node name="ItemBox" parent="MainAct/Crossing" instance=ExtResource("39_rfq2b")]
transform = Transform3D(-0.636913, 0, 0.770936, 0, 1, 0, -0.770936, 0, -0.636913, -12.5679, 13.5117, 8.89465)
"Spawn Settings/Pickup Parent" = NodePath("RichRing")
"Spawn Settings/Travel Time" = 1.0
"Spawn Settings/Travel Delay Range" = 0.0
"Spawn Settings/Travel Height" = 2.8

[node name="RichRing" parent="MainAct/Crossing/ItemBox" instance=ExtResource("40_royyl")]
transform = Transform3D(1, 0, 0, 0, 1, 0, 0, 0, 1, -0.158813, -8.23083, -19.9977)

[node name="Boat" parent="MainAct/Crossing" node_paths=PackedStringArray("path", "pathFollower") instance=ExtResource("21_hksq0")]
transform = Transform3D(0.5, 0, -0.866025, 0, 1, 0, 0.866025, 0, 0.5, -51.2909, 0, 36.207)
maxSpeed = 8.0
turnSpeed = 12.0
tiltAmount = 45.0
path = NodePath("../../../Static/Path/BoatPath")
pathFollower = NodePath("../../../Static/Path/BoatPath/CavernBoatPathFollower")

[node name="Camera" type="Node3D" parent="MainAct/Crossing/Boat"]
script = ExtResource("22_0v6ed")
transitionTime = 0.5
settings = ExtResource("23_uvnk4")

[node name="Path" type="Node3D" parent="MainAct/Crossing/Boat" node_paths=PackedStringArray("path")]
script = ExtResource("18_16hbr")
path = NodePath("../../../../Static/Path/BoatPath")

[node name="BoatStartTrigger" parent="MainAct/Crossing" instance=ExtResource("4_j357d")]
transform = Transform3D(0.642788, 0, -0.766044, 0, 1, 0, 0.766044, 0, 0.642788, -34.5919, 2.5, 22.735)
"Enter Mode" = 0

[node name="Jump" type="Node3D" parent="MainAct/Crossing/BoatStartTrigger"]
transform = Transform3D(0.984808, 0, -0.173648, 0, 1, 0, 0.173648, 0, 0.984808, -0.170166, -2.24225, 20.1578)
script = ExtResource("24_yafmr")
jumpHeight = 4.0
autoAlign = true

[node name="CollisionShape3D" type="CollisionShape3D" parent="MainAct/Crossing/BoatStartTrigger"]
transform = Transform3D(1, 0, 0, 0, 1, 0, 0, 0, 1, 0, 8, 0)
shape = SubResource("BoxShape3D_fe0e4")

[node name="BoatEndTrigger" parent="MainAct/Crossing" instance=ExtResource("4_j357d")]
transform = Transform3D(0.766044, 0, -0.642788, 0, 1, 0, 0.642788, 0, 0.766044, -190.004, 0.0038147, 81.9264)

[node name="Jump" type="Node3D" parent="MainAct/Crossing/BoatEndTrigger"]
transform = Transform3D(1, 0, -2.98023e-08, 0, 1, 0, 2.98023e-08, 0, 1, 0, 0.183441, 8)
script = ExtResource("24_yafmr")
jumpHeight = 2.0
autoAlign = true

[node name="CollisionShape3D" type="CollisionShape3D" parent="MainAct/Crossing/BoatEndTrigger"]
transform = Transform3D(1, 0, 0, 0, 1, 0, 0, 0, 1, 0, 8, 0)
shape = SubResource("BoxShape3D_fe0e4")

[node name="Cavern" type="Node3D" parent="MainAct"]
transform = Transform3D(1, 0, 0, 0, 1, 0, 0, 0, 1, -484.8, -275.5, -1110.7)
script = ExtResource("10_bpxid")
saveVisibilityOnCheckpoint = true

[node name="RingsM1" type="Node3D" parent="MainAct/Cavern"]
transform = Transform3D(-0.736215, 0, 0.676748, 0, 1, 0, -0.676748, 0, -0.736215, -61.3589, -4.79999, 12.3497)
script = ExtResource("13_t2ivm")
Generate = false
Source = ExtResource("14_s3ehh")
Amount = 5
Shape = 2
Path = NodePath("../../../Static/Path/BoatPath")
"Path Progress Offset" = 0.0
"Disable Path Y" = false
Spacing = 2.643
"Horizontal Offset" = null
"Vertical Offset" = null

[node name="Child01" parent="MainAct/Cavern/RingsM1" instance=ExtResource("14_s3ehh")]
transform = Transform3D(1, 0, 2.98023e-08, 0, 1, 0, -2.98023e-08, 0, 1, 0.000244141, 0, 0.000610352)

[node name="Child02" parent="MainAct/Cavern/RingsM1" instance=ExtResource("14_s3ehh")]
transform = Transform3D(1, 0, 2.98023e-08, 0, 1, 0, -2.98023e-08, 0, 1, -0.579224, 0, -2.79803)

[node name="Child03" parent="MainAct/Cavern/RingsM1" instance=ExtResource("14_s3ehh")]
transform = Transform3D(1, 0, 2.98023e-08, 0, 1, 0, -2.98023e-08, 0, 1, -0.967163, 0, -5.70911)

[node name="Child04" parent="MainAct/Cavern/RingsM1" instance=ExtResource("14_s3ehh")]
transform = Transform3D(1, 0, 2.98023e-08, 0, 1, 0, -2.98023e-08, 0, 1, -1.08423, 0, -8.71768)

[node name="Child05" parent="MainAct/Cavern/RingsM1" instance=ExtResource("14_s3ehh")]
transform = Transform3D(1, 0, 2.98023e-08, 0, 1, 0, -2.98023e-08, 0, 1, -0.861572, 0, -11.7715)

[node name="RingsM2" type="Node3D" parent="MainAct/Cavern"]
transform = Transform3D(-0.799181, 0, 0.60109, 0, 1, 0, -0.60109, 0, -0.799181, -50.2802, -4.89987, -9.05371)
script = ExtResource("13_t2ivm")
Generate = false
Source = ExtResource("14_s3ehh")
Amount = 5
Shape = 2
Path = NodePath("../../../Static/Path/BoatPath")
"Path Progress Offset" = 0.0
"Disable Path Y" = false
Spacing = 2.729
"Horizontal Offset" = null
"Vertical Offset" = null

[node name="Child01" parent="MainAct/Cavern/RingsM2" instance=ExtResource("14_s3ehh")]
transform = Transform3D(1, 0, 0, 0, 1, 0, 0, 0, 1, 0, 0, -0.00012207)

[node name="Child02" parent="MainAct/Cavern/RingsM2" instance=ExtResource("14_s3ehh")]
transform = Transform3D(1, 0, 0, 0, 1, 0, 0, 0, 1, 1.27893, 0, -2.38043)

[node name="Child03" parent="MainAct/Cavern/RingsM2" instance=ExtResource("14_s3ehh")]
transform = Transform3D(1, 0, 0, 0, 1, 0, 0, 0, 1, 2.05371, 0, -4.96027)

[node name="Child04" parent="MainAct/Cavern/RingsM2" instance=ExtResource("14_s3ehh")]
transform = Transform3D(1, 0, 0, 0, 1, 0, 0, 0, 1, 2.25562, 0, -7.65015)

[node name="Child05" parent="MainAct/Cavern/RingsM2" instance=ExtResource("14_s3ehh")]
transform = Transform3D(1, 0, 0, 0, 1, 0, 0, 0, 1, 2.01428, 0, -10.3499)

[node name="RingsL1" type="Node3D" parent="MainAct/Cavern"]
transform = Transform3D(-0.140072, 0, 0.990141, 0, 1, 0, -0.990141, 0, -0.140072, -82.2282, -4.85306, 24.2506)
script = ExtResource("13_t2ivm")
Generate = false
Source = ExtResource("14_s3ehh")
Amount = 6
Shape = 0
Orientation = 0
Spacing = 1.6
"Horizontal Offset" = null
"Vertical Offset" = null

[node name="Child01" parent="MainAct/Cavern/RingsL1" instance=ExtResource("14_s3ehh")]

[node name="Child02" parent="MainAct/Cavern/RingsL1" instance=ExtResource("14_s3ehh")]
transform = Transform3D(1, 0, 0, 0, 1, 0, 0, 0, 1, 0, 0, -1.6)

[node name="Child03" parent="MainAct/Cavern/RingsL1" instance=ExtResource("14_s3ehh")]
transform = Transform3D(1, 0, 0, 0, 1, 0, 0, 0, 1, 0, 0, -3.2)

[node name="Child04" parent="MainAct/Cavern/RingsL1" instance=ExtResource("14_s3ehh")]
transform = Transform3D(1, 0, 0, 0, 1, 0, 0, 0, 1, 0, 0, -4.8)

[node name="Child05" parent="MainAct/Cavern/RingsL1" instance=ExtResource("14_s3ehh")]
transform = Transform3D(1, 0, 0, 0, 1, 0, 0, 0, 1, 0, 0, -6.4)

[node name="Child06" parent="MainAct/Cavern/RingsL1" instance=ExtResource("14_s3ehh")]
transform = Transform3D(1, 0, 0, 0, 1, 0, 0, 0, 1, 0, 0, -8)

[node name="SpikeBall1" parent="MainAct/Cavern" instance=ExtResource("53_mvw5k")]
transform = Transform3D(-0.0969923, 0, 0.995285, 0, 1, 0, -0.995285, 0, -0.0969923, -91.2596, -5.5, 29.9072)
"Movement/Cycle Length" = 6.0
Movement/Distance = 8.0
Movement/Angle = -90.0

[node name="RingsL2" type="Node3D" parent="MainAct/Cavern"]
transform = Transform3D(-0.140072, 0, 0.990141, 0, 1, 0, -0.990141, 0, -0.140072, -93.0486, -4.85306, 25.8356)
script = ExtResource("13_t2ivm")
Generate = false
Source = ExtResource("14_s3ehh")
Amount = 6
Shape = 0
Orientation = 0
Spacing = 1.6
"Horizontal Offset" = null
"Vertical Offset" = null

[node name="Child01" parent="MainAct/Cavern/RingsL2" instance=ExtResource("14_s3ehh")]

[node name="Child02" parent="MainAct/Cavern/RingsL2" instance=ExtResource("14_s3ehh")]
transform = Transform3D(1, 0, 0, 0, 1, 0, 0, 0, 1, 0, 0, -1.6)

[node name="Child03" parent="MainAct/Cavern/RingsL2" instance=ExtResource("14_s3ehh")]
transform = Transform3D(1, 0, 0, 0, 1, 0, 0, 0, 1, 0, 0, -3.2)

[node name="Child04" parent="MainAct/Cavern/RingsL2" instance=ExtResource("14_s3ehh")]
transform = Transform3D(1, 0, 0, 0, 1, 0, 0, 0, 1, 0, 0, -4.8)

[node name="Child05" parent="MainAct/Cavern/RingsL2" instance=ExtResource("14_s3ehh")]
transform = Transform3D(1, 0, 0, 0, 1, 0, 0, 0, 1, 0, 0, -6.4)

[node name="Child06" parent="MainAct/Cavern/RingsL2" instance=ExtResource("14_s3ehh")]
transform = Transform3D(1, 0, 0, 0, 1, 0, 0, 0, 1, 0, 0, -8)

[node name="SpikeBall2" parent="MainAct/Cavern" instance=ExtResource("53_mvw5k")]
transform = Transform3D(-0.0969923, 0, 0.995285, 0, 1, 0, -0.995285, 0, -0.0969923, -100.814, -5.5, 30.8615)
"Movement/Cycle Length" = 4.0
Movement/Distance = 8.0
Movement/Angle = -90.0

[node name="SpikeBall3" parent="MainAct/Cavern" instance=ExtResource("53_mvw5k")]
transform = Transform3D(-0.243615, 0, 0.969872, 0, 1, 0, -0.969872, 0, -0.243615, -113.651, -5.5, 34.2136)
Movement/Mode = 2
"Movement/Cycle Length" = 5.5
"Movement/Starting Offset" = 0.8
"Movement/Horizontal Size" = 0.0
"Movement/Vertical Size" = 2.2
Movement/Radius = 5.0

[node name="SpikeBall4" parent="MainAct/Cavern" instance=ExtResource("53_mvw5k")]
transform = Transform3D(-0.243615, 0, 0.969872, 0, 1, 0, -0.969872, 0, -0.243615, -118.591, -5.5, 35.5582)
Movement/Mode = 2
"Movement/Cycle Length" = 5.5
"Movement/Starting Offset" = 0.55
"Movement/Horizontal Size" = 0.0
"Movement/Vertical Size" = 2.2
Movement/Radius = 5.0

[node name="SpikeBall5" parent="MainAct/Cavern" instance=ExtResource("53_mvw5k")]
transform = Transform3D(-0.243615, 0, 0.969872, 0, 1, 0, -0.969872, 0, -0.243615, -118.491, -5.51495, 19.9705)
"Movement/Cycle Length" = 5.5
Movement/Distance = 9.0
Movement/Angle = 100.0

[node name="RingsL3" type="Node3D" parent="MainAct/Cavern"]
transform = Transform3D(-0.391567, 0, 0.92015, 0, 1, 0, -0.92015, 0, -0.391567, -114.579, -4.79999, 28.5906)
script = ExtResource("13_t2ivm")
Generate = false
Source = ExtResource("14_s3ehh")
Amount = 9
Shape = 2
Path = NodePath("../../../Static/Path/BoatPath")
"Path Progress Offset" = 0.0
"Disable Path Y" = false
Spacing = 1.59
"Horizontal Offset" = SubResource("Curve_hrcpv")
"Vertical Offset" = null

[node name="Child01" parent="MainAct/Cavern/RingsL3" instance=ExtResource("14_s3ehh")]
transform = Transform3D(1, 0, -2.98023e-08, 0, 1, 0, 2.98023e-08, 0, 1, -0.557617, 0, -0.105591)

[node name="Child02" parent="MainAct/Cavern/RingsL3" instance=ExtResource("14_s3ehh")]
transform = Transform3D(1, 0, -2.98023e-08, 0, 1, 0, 2.98023e-08, 0, 1, -0.881836, 0, -1.77505)

[node name="Child03" parent="MainAct/Cavern/RingsL3" instance=ExtResource("14_s3ehh")]
transform = Transform3D(1, 0, -2.98023e-08, 0, 1, 0, 2.98023e-08, 0, 1, -1.09021, 0, -3.39108)

[node name="Child04" parent="MainAct/Cavern/RingsL3" instance=ExtResource("14_s3ehh")]
transform = Transform3D(1, 0, -2.98023e-08, 0, 1, 0, 2.98023e-08, 0, 1, -0.931152, 0, -4.94031)

[node name="Child05" parent="MainAct/Cavern/RingsL3" instance=ExtResource("14_s3ehh")]
transform = Transform3D(1, 0, -2.98023e-08, 0, 1, 0, 2.98023e-08, 0, 1, -0.381348, 0, -6.47235)

[node name="Child06" parent="MainAct/Cavern/RingsL3" instance=ExtResource("14_s3ehh")]
transform = Transform3D(1, 0, -2.98023e-08, 0, 1, 0, 2.98023e-08, 0, 1, -0.327271, 0, -8.04688)

[node name="Child07" parent="MainAct/Cavern/RingsL3" instance=ExtResource("14_s3ehh")]
transform = Transform3D(1, 0, -2.98023e-08, 0, 1, 0, 2.98023e-08, 0, 1, -0.689453, 0, -9.60898)

[node name="Child08" parent="MainAct/Cavern/RingsL3" instance=ExtResource("14_s3ehh")]
transform = Transform3D(1, 0, -2.98023e-08, 0, 1, 0, 2.98023e-08, 0, 1, -0.788696, 0, -11.1717)

[node name="Child09" parent="MainAct/Cavern/RingsL3" instance=ExtResource("14_s3ehh")]
transform = Transform3D(1, 0, -2.98023e-08, 0, 1, 0, 2.98023e-08, 0, 1, -0.562988, 0, -12.7756)

[node name="RichRing" parent="MainAct/Cavern" instance=ExtResource("40_royyl")]
transform = Transform3D(-0.391567, 0, 0.92015, 0, 1, 0, -0.92015, 0, -0.391567, -121.97, -4.79999, 26.0446)

[node name="FireSoul1" parent="MainAct/Cavern" instance=ExtResource("34_b450k")]
transform = Transform3D(0.244394, 0, -0.969676, 0, 1, 0, 0.969676, 0, 0.244394, -115.821, -4.79694, 36.9182)

[node name="FeedingTunnel" type="Node3D" parent="MainAct"]
transform = Transform3D(1, 0, 0, 0, 1, 0, 0, 0, 1, -670.5, -277, -1075.3)
script = ExtResource("10_bpxid")
saveVisibilityOnCheckpoint = true

[node name="SpikeBallStatic1" parent="MainAct/FeedingTunnel" instance=ExtResource("60_vmx68")]
transform = Transform3D(0.921396, -0.125748, 0.367719, 0, 0.946204, 0.323571, -0.388626, -0.298137, 0.871828, -4.0932, 0.517059, 20.0256)

[node name="SpikeBallStatic2" parent="MainAct/FeedingTunnel" instance=ExtResource("60_vmx68")]
transform = Transform3D(0.757436, 0.0075954, 0.652866, 0.243033, 0.924798, -0.292719, -0.605992, 0.380383, 0.698629, -5.64264, 0.903931, 18.1718)

[node name="SpikeBallStatic3" parent="MainAct/FeedingTunnel" instance=ExtResource("60_vmx68")]
transform = Transform3D(0.921396, -0.125748, 0.367719, 0, 0.946204, 0.323571, -0.388626, -0.298137, 0.871828, -16.9304, 0.116943, 11.3231)

[node name="SpikeBallSpawner1" parent="MainAct/FeedingTunnel" instance=ExtResource("64_o1ga3")]
transform = Transform3D(1, 0, 0, 0, 1, 0, 0, 0, 1, 11.0363, 13.8396, 14.673)
maxSpawnAmount = 3
lifetime = 3.0
spawnInterval = 2.5

[node name="SpikeBallSpawner2" parent="MainAct/FeedingTunnel" instance=ExtResource("64_o1ga3")]
transform = Transform3D(1, 0, 0, 0, 1, 0, 0, 0, 1, -2.76251, 14.3668, 14.673)
maxSpawnAmount = 3
lifetime = 4.0
spawnInterval = 2.0

[node name="SpikeBallSpawner3" parent="MainAct/FeedingTunnel" instance=ExtResource("64_o1ga3")]
transform = Transform3D(1, 0, 0, 0, 1, 0, 0, 0, 1, -12.4486, 14.3668, 9.43652)
maxSpawnAmount = 3
lifetime = 3.0
spawnInterval = 2.2

[node name="SpikeBallSpawner4" parent="MainAct/FeedingTunnel" instance=ExtResource("64_o1ga3")]
transform = Transform3D(1, 0, 0, 0, 1, 0, 0, 0, 1, -13.4486, 14.3668, 6.43652)
lifetime = 3.0
spawnInterval = 2.0

[node name="WhiteRock1" parent="MainAct/FeedingTunnel" instance=ExtResource("12_3rt5u")]
transform = Transform3D(0.388229, 0, 1.44889, 0, 1.5, 0, -1.44889, 0, 0.388229, -9, 4, -25.6)

[node name="RingsL4" type="Node3D" parent="MainAct/FeedingTunnel"]
transform = Transform3D(0.330201, 0, 0.943911, 0, 1, 0, -0.943911, 0, 0.330201, -6.97931, 4.58713, -26.2222)
script = ExtResource("13_t2ivm")
Generate = false
Source = ExtResource("14_s3ehh")
Amount = 4
Shape = 2
Path = NodePath("../../../Static/Path/FeedingTunnelMiddlePath")
"Path Progress Offset" = 0.0
"Disable Path Y" = false
Spacing = 2.0
"Horizontal Offset" = null
"Vertical Offset" = null

[node name="Child01" parent="MainAct/FeedingTunnel/RingsL4" instance=ExtResource("14_s3ehh")]
transform = Transform3D(1, 0, 0, 0, 1, 0, 0, 0, 1, 0, 0, 0.00012207)

[node name="Child02" parent="MainAct/FeedingTunnel/RingsL4" instance=ExtResource("14_s3ehh")]
transform = Transform3D(1, 0, 0, 0, 1, 0, 0, 0, 1, 1.07538, 0, 1.67859)

[node name="Child03" parent="MainAct/FeedingTunnel/RingsL4" instance=ExtResource("14_s3ehh")]
transform = Transform3D(1, 0, 0, 0, 1, 0, 0, 0, 1, 2.01343, 0, 3.43713)

[node name="Child04" parent="MainAct/FeedingTunnel/RingsL4" instance=ExtResource("14_s3ehh")]
transform = Transform3D(1, 0, 0, 0, 1, 0, 0, 0, 1, 2.8028, 0, 5.26697)

[node name="WhiteRock2" parent="MainAct/FeedingTunnel" instance=ExtResource("12_3rt5u")]
transform = Transform3D(1.29904, 0, 0.75, 0, 1, 0, -0.75, 0, 1.29904, 0.935608, 4, -27.3662)

[node name="RingsL5" type="Node3D" parent="MainAct/FeedingTunnel"]
transform = Transform3D(0.633948, 0, 0.773376, 0, 1, 0, -0.773376, 0, 0.633948, 3.46216, 4.53558, -27.0657)
script = ExtResource("13_t2ivm")
Generate = false
Source = ExtResource("14_s3ehh")
Amount = 4
Shape = 2
Path = NodePath("../../../Static/Path/FeedingTunnelMiddlePath")
"Path Progress Offset" = 0.0
"Disable Path Y" = false
Spacing = 2.0
"Horizontal Offset" = null
"Vertical Offset" = null

[node name="Child01" parent="MainAct/FeedingTunnel/RingsL5" instance=ExtResource("14_s3ehh")]
transform = Transform3D(1, 0, 0, 0, 1, 0, 0, 0, 1, -0.00012207, 0, -0.00012207)

[node name="Child02" parent="MainAct/FeedingTunnel/RingsL5" instance=ExtResource("14_s3ehh")]
transform = Transform3D(1, 0, 0, 0, 1, 0, 0, 0, 1, 1.04242, 0, 1.71045)

[node name="Child03" parent="MainAct/FeedingTunnel/RingsL5" instance=ExtResource("14_s3ehh")]
transform = Transform3D(1, 0, 0, 0, 1, 0, 0, 0, 1, 1.97263, 0, 3.48474)

[node name="Child04" parent="MainAct/FeedingTunnel/RingsL5" instance=ExtResource("14_s3ehh")]
transform = Transform3D(1, 0, 0, 0, 1, 0, 0, 0, 1, 2.77911, 0, 5.31897)

[node name="WhiteRock3" parent="MainAct/FeedingTunnel" node_paths=PackedStringArray("root", "pieceRoot", "animator") instance=ExtResource("12_3rt5u")]
transform = Transform3D(0.388229, 0, 1.44889, 0, 1.5, 0, -1.44889, 0, 0.388229, 11.5027, 3.9986, -24.7272)
root = NodePath("../WhiteRock1/WhiteRock")
pieceRoot = NodePath("../WhiteRock1/WhiteRockPieces")
animator = NodePath("../WhiteRock1/AnimationPlayer")

[node name="RingsL6" type="Node3D" parent="MainAct/FeedingTunnel"]
transform = Transform3D(0.85093, 0, 0.525279, 0, 1, 0, -0.525279, 0, 0.85093, 13.5765, 4.61899, -24.0099)
script = ExtResource("13_t2ivm")
Generate = false
Source = ExtResource("14_s3ehh")
Amount = 4
Shape = 2
Path = NodePath("../../../Static/Path/FeedingTunnelMiddlePath")
"Path Progress Offset" = 0.0
"Disable Path Y" = false
Spacing = 2.0
"Horizontal Offset" = null
"Vertical Offset" = null

[node name="Child01" parent="MainAct/FeedingTunnel/RingsL6" instance=ExtResource("14_s3ehh")]

[node name="Child02" parent="MainAct/FeedingTunnel/RingsL6" instance=ExtResource("14_s3ehh")]
transform = Transform3D(1, 0, 0, 0, 1, 0, 0, 0, 1, 0.948059, 0, 1.76001)

[node name="Child03" parent="MainAct/FeedingTunnel/RingsL6" instance=ExtResource("14_s3ehh")]
transform = Transform3D(1, 0, 0, 0, 1, 0, 0, 0, 1, 1.75311, 0, 3.58984)

[node name="Child04" parent="MainAct/FeedingTunnel/RingsL6" instance=ExtResource("14_s3ehh")]
transform = Transform3D(1, 0, 0, 0, 1, 0, 0, 0, 1, 2.40997, 0, 5.47778)

[node name="WhiteRock4" parent="MainAct/FeedingTunnel" instance=ExtResource("12_3rt5u")]
transform = Transform3D(-1.20533, 0, 0.892844, 0, 1.5, 0, -0.892844, 0, -1.20533, 19.9583, 3.96786, -19.1432)

[node name="Spring1" parent="MainAct/FeedingTunnel" instance=ExtResource("27_jalqt")]
transform = Transform3D(0.984808, 0, 0.173648, 0, 1, 0, -0.173648, 0, 0.984808, 27.6446, 5.10001, -4.49023)
"Secondary Settings/Enabled" = false
finalHeight = 4.0
voiceKey = &""

[node name="Spring2" parent="MainAct/FeedingTunnel" instance=ExtResource("27_jalqt")]
transform = Transform3D(0.991681, 0, -0.128727, 0, 1, 0, 0.128727, 0, 0.991681, 27.6848, 7.70001, 5.92664)
"Secondary Settings/Enabled" = false
finalHeight = 5.0
voiceKey = &""

[node name="WhiteRock5" parent="MainAct/FeedingTunnel" instance=ExtResource("12_3rt5u")]
transform = Transform3D(0.311748, 0.197295, -0.917601, -0.258819, 0.761001, 0.167731, 0.914235, 0.148162, 0.36038, 22.7707, 11.2314, 22.5345)

[node name="WhiteRock6" parent="MainAct/FeedingTunnel" node_paths=PackedStringArray("root", "pieceRoot", "animator") instance=ExtResource("12_3rt5u")]
transform = Transform3D(-0.185537, -0.054737, -0.980252, 0.0874824, 0.793969, -0.0858317, 0.978735, -0.0813438, -0.178153, 15.4913, 11.0137, 25.7397)
root = NodePath("../WhiteRock5/WhiteRock")
pieceRoot = NodePath("../WhiteRock5/WhiteRockPieces")
animator = NodePath("../WhiteRock5/AnimationPlayer")

[node name="MajinTrigger1" parent="MainAct/FeedingTunnel" instance=ExtResource("4_j357d")]
transform = Transform3D(-0.984683, 0, 0.174352, 0, 1, 0, -0.174352, 0, -0.984683, 27.0641, 11.5468, 9.36914)
OneShot = true
"Respawn Mode" = 0
"Enter Mode" = 0

[node name="CollisionShape3D" type="CollisionShape3D" parent="MainAct/FeedingTunnel/MajinTrigger1"]
transform = Transform3D(1, 0, 0, 0, 1, 0, 0, 0, 1, 0, 8, 0)
shape = SubResource("BoxShape3D_qg6tk")

[node name="GreenMajin1" parent="MainAct/FeedingTunnel" instance=ExtResource("46_48xhe")]
transform = Transform3D(-0.42197, 0, 0.90661, 0, 1, 0, -0.90661, 0, -0.42197, 13.965, 11.5468, 27.5089)
"Spawn Settings/Spawn Travel Time" = 0.5
"Spawn Settings/Spawn Delay" = 0.0
"Spawn Settings/Spawn Offset" = Vector3(-2, 0, 25)
"Spawn Settings/Spawn In Offset" = Vector3(-6, 0, -10)
"Spawn Settings/Spawn Out Offset" = Vector3(0, 0, -4)
spawnMode = 1

[node name="GreenMajin2" parent="MainAct/FeedingTunnel" instance=ExtResource("46_48xhe")]
transform = Transform3D(-0.303467, 0, 0.952843, 0, 1, 0, -0.952843, 0, -0.303467, 7.12573, 11.4468, 29.6466)
"Spawn Settings/Spawn Travel Time" = 0.5
"Spawn Settings/Spawn Delay" = 0.0
"Spawn Settings/Spawn Offset" = Vector3(0, 0, 30)
"Spawn Settings/Spawn In Offset" = Vector3(-10, 0, -18)
"Spawn Settings/Spawn Out Offset" = Vector3(0, 0, -4)
spawnMode = 1

[node name="WhiteRock7" parent="MainAct/FeedingTunnel" instance=ExtResource("12_3rt5u")]
transform = Transform3D(0.54096, 0, 1.07115, 0, 0.96, 0, -1.07115, 0, 0.54096, 5.25171, 10.9914, 28.3842)

[node name="WhiteRock8" parent="MainAct/FeedingTunnel" instance=ExtResource("12_3rt5u")]
transform = Transform3D(0.47734, -0.0417618, 0.640627, 0.0697246, 0.796956, 0, -0.638189, 0.0558343, 0.479163, 5.04993, 11.0694, 31.1981)

[node name="WhiteRock9" parent="MainAct/FeedingTunnel" instance=ExtResource("12_3rt5u")]
transform = Transform3D(-0.75931, 0, -0.929217, 0, 0.977, 0, 0.929217, 0, -0.75931, 1.87378, 10.91, 31.89)

[node name="RedMajin" parent="MainAct/FeedingTunnel" instance=ExtResource("56_jc26q")]
transform = Transform3D(0.0829819, 0, 0.996551, 0, 1, 0, -0.996551, 0, 0.0829819, -3.12885, 11.649, 30.3485)
"Spawn Settings/Spawn Travel Time" = 0.5
"Spawn Settings/Spawn Delay" = 0.0
"Spawn Settings/Spawn Offset" = Vector3(16, 0, 39)
"Spawn Settings/Spawn In Offset" = Vector3(-7, 0, -29)
"Spawn Settings/Spawn Out Offset" = Vector3(0, 0, -4)
"Rotation Settings/Track Player" = false
"Rotation Settings/Rotation Time" = 0.8
"Attack Settings/Flame Active Time" = 2.0
"Attack Settings/Flame Inactive Time" = 2.5
"Attack Settings/Flame Aggression Radius" = 0
spawnMode = 1

[node name="WhiteRock10" parent="MainAct/FeedingTunnel" instance=ExtResource("12_3rt5u")]
transform = Transform3D(0.77875, -0.0181484, 0.627072, 0.0884065, 0.992781, -0.0810578, -0.621073, 0.11856, 0.774733, -8.78571, 10.9247, 29.9873)

[node name="WhiteRock11" parent="MainAct/FeedingTunnel" instance=ExtResource("12_3rt5u")]
transform = Transform3D(-0.689046, 0.160076, -0.706818, 0.227308, 0.973823, -0.00104649, 0.688148, -0.161386, -0.707395, -9.47705, 10.8852, 27.5222)

[node name="MajinTrigger2" parent="MainAct/FeedingTunnel" instance=ExtResource("4_j357d")]
transform = Transform3D(0.12128, 0, 0.992618, 0, 1, 0, -0.992618, 0, 0.12128, -1.2063, 11.5468, 30.5697)
OneShot = true
"Respawn Mode" = 0
"Enter Mode" = 0

[node name="CollisionShape3D" type="CollisionShape3D" parent="MainAct/FeedingTunnel/MajinTrigger2"]
transform = Transform3D(1, 0, 0, 0, 1, 0, 0, 0, 1, 0, 8, 0)
shape = SubResource("BoxShape3D_qg6tk")

[node name="GreenMajin3" parent="MainAct/FeedingTunnel" instance=ExtResource("46_48xhe")]
transform = Transform3D(0.332161, -3.8097e-09, 0.943223, 1.10854e-09, 1, 3.64864e-09, -0.943223, -1.66334e-10, 0.332161, -12.308, 11.5235, 27.865)
"Spawn Settings/Spawn Travel Time" = 1.0
"Spawn Settings/Spawn Delay" = 0.0
"Spawn Settings/Spawn Offset" = Vector3(-5, 10, 25)
"Spawn Settings/Spawn In Offset" = Vector3(-5, 0, -15)
"Spawn Settings/Spawn Out Offset" = Vector3(0, 0, -4)
spawnMode = 1

[node name="GreenMajin4" parent="MainAct/FeedingTunnel" instance=ExtResource("46_48xhe")]
transform = Transform3D(0.564967, -3.8097e-09, 0.825113, 2.01511e-09, 1, 3.23741e-09, -0.825113, -1.66334e-10, 0.564967, -16.365, 11.5235, 25.9865)
"Spawn Settings/Spawn Travel Time" = 1.0
"Spawn Settings/Spawn Delay" = 0.0
"Spawn Settings/Spawn Offset" = Vector3(0, 10, 32)
"Spawn Settings/Spawn In Offset" = Vector3(-6, 0, -14)
"Spawn Settings/Spawn Out Offset" = Vector3(0, 0, -4)
spawnMode = 1

[node name="GreenMajin5" parent="MainAct/FeedingTunnel" instance=ExtResource("46_48xhe")]
transform = Transform3D(0.759271, -3.8097e-09, 0.650774, 2.78435e-09, 1, 2.60555e-09, -0.650774, -1.66334e-10, 0.759271, -19.808, 11.5235, 22.765)
"Spawn Settings/Spawn Travel Time" = 1.0
"Spawn Settings/Spawn Delay" = 0.0
"Spawn Settings/Spawn Offset" = Vector3(10, 10, 40)
"Spawn Settings/Spawn In Offset" = Vector3(-15, 0, -15)
"Spawn Settings/Spawn Out Offset" = Vector3(0, 0, -4)
spawnMode = 1

[node name="FlowerMajin" parent="MainAct/FeedingTunnel" instance=ExtResource("26_gueui")]
transform = Transform3D(0.992669, 0.120865, 0, -0.120865, 0.992669, 0, 0, 0, 1, -55.9005, 14.8538, 2.52808)
passiveLength = 0.5
preAttackLength = 4.0
rangeOverride = 15

[node name="End" type="Node3D" parent="MainAct"]
transform = Transform3D(1, 0, 0, 0, 1, 0, 0, 0, 1, -741.951, -262.137, -1073.05)
script = ExtResource("10_bpxid")
saveVisibilityOnCheckpoint = true

[node name="LogPlatform1" parent="MainAct/End" instance=ExtResource("54_6u1fb")]
transform = Transform3D(0.762431, 0, -0.647069, 0, 1, 0, 0.647069, 0, 0.762431, -3.18073, 0.365112, 1.84595)

[node name="InvisibleGrindrail" parent="MainAct/End" instance=ExtResource("62_moj82")]
transform = Transform3D(-0.706786, 0, 0.707427, 0, 1, 0, -0.707427, 0, -0.706786, -6.19287, 2.67633, 4.67444)
railLength = 15

[node name="FireSoul2" parent="MainAct/End/InvisibleGrindrail" instance=ExtResource("34_b450k")]
transform = Transform3D(1, 0, 0, 0, 1, 0, 0, 0, 1, 0, 0.6, -5)
fireSoulIndex = 2

[node name="LogPlatform2" parent="MainAct/End" instance=ExtResource("54_6u1fb")]
transform = Transform3D(0.0484041, 0.0774188, -0.995823, -0.00521537, 0.996997, 0.0772567, 0.998814, 0.00145404, 0.0486621, -17.5728, 0.322205, 45.0979)

[node name="Spring" parent="MainAct/End" instance=ExtResource("27_jalqt")]
transform = Transform3D(0.744929, 0, -0.667144, 0, 1, 0, 0.667144, 0, 0.744929, -18.3423, -7.70001, 17.2202)
"Secondary Settings/Enabled" = false
finalHeight = 5.0
voiceKey = &""

[node name="JumpPanel1" parent="MainAct/End" instance=ExtResource("35_6bbv0")]
transform = Transform3D(-0.379456, 0, -0.92521, 0, 1, 0, 0.92521, 0, -0.379456, -19.6684, 16.3, 27.6837)
"Secondary Settings/Enabled" = false
middleHeight = 2.0
finalHeight = -12.0
distance = 31.0

[node name="Camera" type="Node3D" parent="MainAct/End/JumpPanel1"]
script = ExtResource("22_0v6ed")
transitionTime = 0.5
settings = ExtResource("62_tya6t")
previousSettings = ExtResource("63_fr61p")

[node name="Pearls4" type="Node3D" parent="MainAct/End"]
transform = Transform3D(0.430322, 0, 0.902675, 0, 1, 0, -0.902675, 0, 0.430322, -50.744, 2.5, 14.9149)
script = ExtResource("13_t2ivm")
Generate = false
Source = ExtResource("16_p4el2")
Amount = 10
Shape = 0
Orientation = 0
Spacing = 0.6
"Horizontal Offset" = null
"Vertical Offset" = null

[node name="Child01" parent="MainAct/End/Pearls4" instance=ExtResource("16_p4el2")]

[node name="Child02" parent="MainAct/End/Pearls4" instance=ExtResource("16_p4el2")]
transform = Transform3D(1, 0, 0, 0, 1, 0, 0, 0, 1, 0, 0, -0.6)

[node name="Child03" parent="MainAct/End/Pearls4" instance=ExtResource("16_p4el2")]
transform = Transform3D(1, 0, 0, 0, 1, 0, 0, 0, 1, 0, 0, -1.2)

[node name="Child04" parent="MainAct/End/Pearls4" instance=ExtResource("16_p4el2")]
transform = Transform3D(1, 0, 0, 0, 1, 0, 0, 0, 1, 0, 0, -1.8)

[node name="Child05" parent="MainAct/End/Pearls4" instance=ExtResource("16_p4el2")]
transform = Transform3D(1, 0, 0, 0, 1, 0, 0, 0, 1, 0, 0, -2.4)

[node name="Child06" parent="MainAct/End/Pearls4" instance=ExtResource("16_p4el2")]
transform = Transform3D(1, 0, 0, 0, 1, 0, 0, 0, 1, 0, 0, -3)

[node name="Child07" parent="MainAct/End/Pearls4" instance=ExtResource("16_p4el2")]
transform = Transform3D(1, 0, 0, 0, 1, 0, 0, 0, 1, 0, 0, -3.6)

[node name="Child08" parent="MainAct/End/Pearls4" instance=ExtResource("16_p4el2")]
transform = Transform3D(1, 0, 0, 0, 1, 0, 0, 0, 1, 0, 0, -4.2)

[node name="Child09" parent="MainAct/End/Pearls4" instance=ExtResource("16_p4el2")]
transform = Transform3D(1, 0, 0, 0, 1, 0, 0, 0, 1, 0, 0, -4.8)

[node name="Child10" parent="MainAct/End/Pearls4" instance=ExtResource("16_p4el2")]
transform = Transform3D(1, 0, 0, 0, 1, 0, 0, 0, 1, 0, 0, -5.4)

[node name="Pearls5" type="Node3D" parent="MainAct/End"]
transform = Transform3D(-0.351842, 0.426417, -0.833292, 0, 0.890213, 0.455545, 0.936059, 0.16028, -0.313214, -48.83, -1.81122, 4.72168)
script = ExtResource("13_t2ivm")
Generate = false
Source = ExtResource("16_p4el2")
Amount = 10
Shape = 0
Orientation = 0
Spacing = 0.6
"Horizontal Offset" = null
"Vertical Offset" = null

[node name="Child01" parent="MainAct/End/Pearls5" instance=ExtResource("16_p4el2")]

[node name="Child02" parent="MainAct/End/Pearls5" instance=ExtResource("16_p4el2")]
transform = Transform3D(1, 0, 0, 0, 1, 0, 0, 0, 1, 0, 0, -0.6)

[node name="Child03" parent="MainAct/End/Pearls5" instance=ExtResource("16_p4el2")]
transform = Transform3D(1, 0, 0, 0, 1, 0, 0, 0, 1, 0, 0, -1.2)

[node name="Child04" parent="MainAct/End/Pearls5" instance=ExtResource("16_p4el2")]
transform = Transform3D(1, 0, 0, 0, 1, 0, 0, 0, 1, 0, 0, -1.8)

[node name="Child05" parent="MainAct/End/Pearls5" instance=ExtResource("16_p4el2")]
transform = Transform3D(1, 0, 0, 0, 1, 0, 0, 0, 1, 0, 0, -2.4)

[node name="Child06" parent="MainAct/End/Pearls5" instance=ExtResource("16_p4el2")]
transform = Transform3D(1, 0, 0, 0, 1, 0, 0, 0, 1, 0, 0, -3)

[node name="Child07" parent="MainAct/End/Pearls5" instance=ExtResource("16_p4el2")]
transform = Transform3D(1, 0, 0, 0, 1, 0, 0, 0, 1, 0, 0, -3.6)

[node name="Child08" parent="MainAct/End/Pearls5" instance=ExtResource("16_p4el2")]
transform = Transform3D(1, 0, 0, 0, 1, 0, 0, 0, 1, 0, 0, -4.2)

[node name="Child09" parent="MainAct/End/Pearls5" instance=ExtResource("16_p4el2")]
transform = Transform3D(1, 0, 0, 0, 1, 0, 0, 0, 1, 0, 0, -4.8)

[node name="Child10" parent="MainAct/End/Pearls5" instance=ExtResource("16_p4el2")]
transform = Transform3D(1, 0, 0, 0, 1, 0, 0, 0, 1, 0, 0, -5.4)

[node name="Pearls6" type="Node3D" parent="MainAct/End"]
transform = Transform3D(-0.981955, 0, 0.189113, 0, 1, 0, -0.189113, 0, -0.981955, -38.3331, -4.71121, 18.0764)
script = ExtResource("13_t2ivm")
Generate = false
Source = ExtResource("16_p4el2")
Amount = 10
Shape = 0
Orientation = 0
Spacing = 0.6
"Horizontal Offset" = SubResource("Curve_uq24a")
"Vertical Offset" = null

[node name="Child01" parent="MainAct/End/Pearls6" instance=ExtResource("16_p4el2")]

[node name="Child02" parent="MainAct/End/Pearls6" instance=ExtResource("16_p4el2")]
transform = Transform3D(1, 0, 0, 0, 1, 0, 0, 0, 1, 0.00323013, 0, -0.6)

[node name="Child03" parent="MainAct/End/Pearls6" instance=ExtResource("16_p4el2")]
transform = Transform3D(1, 0, 0, 0, 1, 0, 0, 0, 1, 0.0205647, 0, -1.2)

[node name="Child04" parent="MainAct/End/Pearls6" instance=ExtResource("16_p4el2")]
transform = Transform3D(1, 0, 0, 0, 1, 0, 0, 0, 1, 0.0634701, 0, -1.8)

[node name="Child05" parent="MainAct/End/Pearls6" instance=ExtResource("16_p4el2")]
transform = Transform3D(1, 0, 0, 0, 1, 0, 0, 0, 1, 0.143412, 0, -2.4)

[node name="Child06" parent="MainAct/End/Pearls6" instance=ExtResource("16_p4el2")]
transform = Transform3D(1, 0, 0, 0, 1, 0, 0, 0, 1, 0.271858, 0, -3)

[node name="Child07" parent="MainAct/End/Pearls6" instance=ExtResource("16_p4el2")]
transform = Transform3D(1, 0, 0, 0, 1, 0, 0, 0, 1, 0.460273, 0, -3.6)

[node name="Child08" parent="MainAct/End/Pearls6" instance=ExtResource("16_p4el2")]
