[gd_scene load_steps=30 format=3 uid="uid://cmm65k2v3ds3l"]

[ext_resource type="PackedScene" uid="uid://cby2m0q2072c2" path="res://area/2 dino jungle/act 1/Static.tscn" id="1_07rmt"]
[ext_resource type="Resource" uid="uid://dkgpftu1txklj" path="res://resource/level data/dinosaur jungle/Act2Race.tres" id="2_wpd7y"]
[ext_resource type="PackedScene" uid="uid://bn6wr6l8s3qyt" path="res://object/trigger/StageTrigger.tscn" id="4_edlvo"]
[ext_resource type="PackedScene" uid="uid://cjupypih0myxo" path="res://object/player/CharacterSpawn.tscn" id="8_byr04"]
[ext_resource type="Script" path="res://object/trigger/modules/CullingTrigger.cs" id="10_c22fn"]
[ext_resource type="PackedScene" uid="uid://cnwhks8ciopdd" path="res://area/2 dino jungle/object/rock/WhiteRock.tscn" id="12_y57wt"]
[ext_resource type="Script" path="res://addons/custom_nodes/script/ObjectGenerator.cs" id="13_1ild8"]
[ext_resource type="PackedScene" uid="uid://c7l8mr7ubn848" path="res://object/stage/pickups/Ring.tscn" id="14_q2pyx"]
[ext_resource type="PackedScene" uid="uid://bhnh1as6xgpiy" path="res://object/stage/common/DashPanel.tscn" id="15_sm2p2"]
[ext_resource type="PackedScene" uid="uid://dhb5ti1oiktuk" path="res://area/2 dino jungle/object/Cactus.tscn" id="17_djk1t"]
[ext_resource type="Script" path="res://object/trigger/modules/PathTrigger.cs" id="18_mtiqb"]
[ext_resource type="Resource" uid="uid://8glu7r6t15d6" path="res://area/2 dino jungle/act 1/camera/CactusFieldRaceAct2Cam.tres" id="19_fo15p"]
[ext_resource type="Resource" uid="uid://cb1yaeev1x218" path="res://area/2 dino jungle/act 1/camera/WhiteRockRaceAct2Cam.tres" id="19_jd5a0"]
[ext_resource type="Script" path="res://object/trigger/modules/CameraTrigger.cs" id="22_er5c1"]
[ext_resource type="PackedScene" uid="uid://cclwh52o4uphx" path="res://object/stage/common/InvisibleGrindrail.tscn" id="22_si71f"]
[ext_resource type="PackedScene" uid="uid://dj1cswbo7iqnb" path="res://area/2 dino jungle/object/platform/LotusPlatform.tscn" id="24_k57n0"]
[ext_resource type="Script" path="res://object/trigger/modules/JumpTrigger.cs" id="24_rdfuh"]
[ext_resource type="PackedScene" uid="uid://b0uekqdfkbg6h" path="res://object/stage/common/ItemBox.tscn" id="39_m3xki"]
[ext_resource type="PackedScene" uid="uid://8imymng7so3h" path="res://object/enemy/majin/data/dino jungle/BlueMajin.tscn" id="44_g6ngr"]
[ext_resource type="PackedScene" uid="uid://bqvtcp8tkbfyt" path="res://object/stage/common/SpikeBall.tscn" id="53_31sjq"]
[ext_resource type="PackedScene" uid="uid://dermptym044v8" path="res://object/enemy/majin/data/dino jungle/RedMajin.tscn" id="56_ggdrh"]
[ext_resource type="PackedScene" uid="uid://c85xw5ix60fe8" path="res://object/stage/common/Switch.tscn" id="59_hxcpk"]
[ext_resource type="PackedScene" uid="uid://dxepb172kmp8n" path="res://object/stage/common/Goal.tscn" id="64_wwi0g"]

[sub_resource type="BoxShape3D" id="BoxShape3D_mynxt"]
size = Vector3(12, 20, 1)

[sub_resource type="BoxShape3D" id="BoxShape3D_hpf2h"]
size = Vector3(16.8638, 26.19, 22.8381)

[sub_resource type="BoxShape3D" id="BoxShape3D_qui1s"]
size = Vector3(26.6407, 16.855, 44.0306)

[sub_resource type="BoxShape3D" id="BoxShape3D_5g14v"]
size = Vector3(1.395, 12.585, 10.455)

[sub_resource type="BoxShape3D" id="BoxShape3D_0schr"]
size = Vector3(1, 15.53, 29.065)

[sub_resource type="BoxShape3D" id="BoxShape3D_kplmy"]
size = Vector3(8.535, 9.83, 3.15)

[node name="Stage" type="Node"]

[node name="Static" parent="." instance=ExtResource("1_07rmt")]
Data = ExtResource("2_wpd7y")
metadata/_edit_group_ = true

[node name="05Crossing" parent="Static/Visuals" index="5"]
startEnabled = true

[node name="06CavernEntrance" parent="Static/Visuals" index="6"]
startEnabled = true

[node name="07Cavern" parent="Static/Visuals" index="7"]
startEnabled = true

[node name="08FeedingTunnel" parent="Static/Visuals" index="8"]
startEnabled = true

[node name="RiverBoatPathFollower" parent="Static/Path/RiverPath" index="0"]
transform = Transform3D(-4.37114e-08, 0, 1, 0, 1, 0, -1, 0, -4.37114e-08, 0, 0, 0)

[node name="CavernBoatPathFollower" parent="Static/Path/BoatPath" index="0"]
transform = Transform3D(0.683927, 0, -0.729551, 0, 1, 0, 0.729551, 0, 0.683927, 0, 0, 0)

[node name="StageTrigger" parent="Static" instance=ExtResource("4_edlvo")]

[node name="LandJump" type="Node3D" parent="Static/StageTrigger"]

[node name="MainAct" type="Node3D" parent="."]

[node name="SpawnPosition" type="Node3D" parent="MainAct"]
transform = Transform3D(0.505793, 0, 0.862655, 0, 1, 0, -0.862655, 0, 0.505793, -360.62, -254.978, -966.256)

[node name="CharacterSpawn" parent="MainAct/SpawnPosition" instance=ExtResource("8_byr04")]

[node name="CullingMap" type="Node3D" parent="MainAct"]

[node name="River-L" parent="MainAct/CullingMap" instance=ExtResource("4_edlvo")]
transform = Transform3D(-0.984808, 0, -0.173648, 0, 1, 0, 0.173648, 0, -0.984808, -191.789, -35.8911, -472.882)
"Trigger Mode" = 2
"Exit Mode" = 2

[node name="CollisionShape3D" type="CollisionShape3D" parent="MainAct/CullingMap/River-L"]
transform = Transform3D(1, 0, 0, 0, 1, 0, 0, 0, 1, 0, 8, 0)
shape = SubResource("BoxShape3D_mynxt")

[node name="Chase-U" parent="MainAct/CullingMap" instance=ExtResource("4_edlvo")]
transform = Transform3D(-4.37114e-08, 0, 1, 0, 1, 0, -1, 0, -4.37114e-08, -171.662, -94.9911, -491.415)
"Enter Mode" = 0

[node name="CollisionShape3D" type="CollisionShape3D" parent="MainAct/CullingMap/Chase-U"]
transform = Transform3D(1, 0, 0, 0, 1, 0, 0, 0, 1, 0, 8, 0)
shape = SubResource("BoxShape3D_mynxt")

[node name="Cave-L" parent="MainAct/CullingMap" instance=ExtResource("4_edlvo")]
transform = Transform3D(-0.128859, -0.385375, -0.913718, 0.14997, 0.903229, -0.402102, 0.980257, -0.188845, -0.0585947, -336.773, -196.505, -540.344)
"Enter Mode" = 0

[node name="CollisionShape3D" type="CollisionShape3D" parent="MainAct/CullingMap/Cave-L"]
transform = Transform3D(1, 0, 0, 0, 1, 0, 0, 0, 1, 0, 8, 0)
shape = SubResource("BoxShape3D_mynxt")

[node name="River-U" parent="MainAct/CullingMap" instance=ExtResource("4_edlvo")]
transform = Transform3D(-1, 0, -8.74228e-08, 0, 1, 0, 8.74228e-08, 0, -1, -363.082, -208.991, -610.798)
"Enter Mode" = 0

[node name="CollisionShape3D" type="CollisionShape3D" parent="MainAct/CullingMap/River-U"]
transform = Transform3D(1, 0, 0, 0, 1, 0, 0, 0, 1, 0, 8, 0)
shape = SubResource("BoxShape3D_mynxt")

[node name="Spiral-L" parent="MainAct/CullingMap" instance=ExtResource("4_edlvo")]
transform = Transform3D(-4.37114e-08, -0.258819, -0.965926, 0, 0.965926, -0.258819, 1, -1.13133e-08, -4.2222e-08, -401.206, -223.237, -806.195)
"Trigger Mode" = 2
"Exit Mode" = 2

[node name="CollisionShape3D" type="CollisionShape3D" parent="MainAct/CullingMap/Spiral-L"]
transform = Transform3D(1, 0, 0, 0, 1, 0, 0, 0, 1, 0, 8, 0)
shape = SubResource("BoxShape3D_mynxt")

[node name="Cave-U" parent="MainAct/CullingMap" instance=ExtResource("4_edlvo")]
transform = Transform3D(-0.984808, 0, 0.173648, 0, 1, 0, -0.173648, 0, -0.984808, -438.628, -220.715, -850.722)
"Trigger Mode" = 2
"Exit Mode" = 2

[node name="CollisionShape3D" type="CollisionShape3D" parent="MainAct/CullingMap/Cave-U"]
transform = Transform3D(1, 0, 0, 0, 1, 0, 0, 0, 1, 0, 8, 0)
shape = SubResource("BoxShape3D_mynxt")

[node name="Crossing-L" parent="MainAct/CullingMap" instance=ExtResource("4_edlvo")]
transform = Transform3D(-0.939693, 0, -0.34202, 0, 1, 0, 0.34202, 0, -0.939692, -432.405, -265.007, -913.629)
"Trigger Mode" = 2
"Exit Mode" = 2

[node name="CollisionShape3D" type="CollisionShape3D" parent="MainAct/CullingMap/Crossing-L"]
transform = Transform3D(1, 0, 0, 0, 1, 0, 0, 0, 1, 0, 8, 0)
shape = SubResource("BoxShape3D_mynxt")

[node name="Spiral-U" parent="MainAct/CullingMap" instance=ExtResource("4_edlvo")]
transform = Transform3D(-0.38647, 0, 0.922302, 0, 1, 0, -0.922302, 0, -0.38647, -422.584, -265.023, -929.051)
"Trigger Mode" = 2
"Exit Mode" = 2

[node name="CollisionShape3D" type="CollisionShape3D" parent="MainAct/CullingMap/Spiral-U"]
transform = Transform3D(1, 0, 0, 0, 1, 0, 0, 0, 1, 0, 8, 0)
shape = SubResource("BoxShape3D_mynxt")

[node name="Cavern-L" parent="MainAct/CullingMap" instance=ExtResource("4_edlvo")]
transform = Transform3D(-0.851982, 0, -0.523569, 0, 1, 0, 0.523569, 0, -0.851982, -299.194, -276.99, -1092.07)
"Trigger Mode" = 2
"Exit Mode" = 2

[node name="CollisionShape3D" type="CollisionShape3D" parent="MainAct/CullingMap/Cavern-L"]
transform = Transform3D(1, 0, 0, 0, 1, 0, 0, 0, 1, 0, 8, 0)
shape = SubResource("BoxShape3D_mynxt")

[node name="Crossing-U" parent="MainAct/CullingMap" instance=ExtResource("4_edlvo")]
transform = Transform3D(-0.692357, 0, -0.721555, 0, 1, 0, 0.721555, 0, -0.692357, -507.601, -281.023, -1115.58)
"Trigger Mode" = 2
"Exit Mode" = 2

[node name="CollisionShape3D" type="CollisionShape3D" parent="MainAct/CullingMap/Crossing-U"]
transform = Transform3D(1, 0, 0, 0, 1, 0, 0, 0, 1, 0, 8, 0)
shape = SubResource("BoxShape3D_mynxt")

[node name="FeedingTunnel-L" parent="MainAct/CullingMap" instance=ExtResource("4_edlvo")]
transform = Transform3D(0.200599, 0, -0.979673, 0, 1, 0, 0.979673, 0, 0.200599, -568.268, -280.893, -1086.22)
"Enter Mode" = 0

[node name="CollisionShape3D" type="CollisionShape3D" parent="MainAct/CullingMap/FeedingTunnel-L"]
transform = Transform3D(1, 0, 0, 0, 1, 0, 0, 0, 1, 0, 8, 0)
shape = SubResource("BoxShape3D_mynxt")

[node name="Cavern-U" parent="MainAct/CullingMap" instance=ExtResource("4_edlvo")]
transform = Transform3D(-0.238822, 0, -0.971063, 0, 1, 0, 0.971063, 0, -0.238822, -646.547, -277.96, -1056.96)
"Trigger Mode" = 2
"Exit Mode" = 2

[node name="CollisionShape3D" type="CollisionShape3D" parent="MainAct/CullingMap/Cavern-U"]
transform = Transform3D(1, 0, 0, 0, 1, 0, 0, 0, 1, 0, 8, 0)
shape = SubResource("BoxShape3D_mynxt")

[node name="End-L" parent="MainAct/CullingMap" instance=ExtResource("4_edlvo")]
transform = Transform3D(-4.37114e-08, 0, -1, 0, 1, 0, 1, 0, -4.37114e-08, -669.765, -265.596, -1044.62)
"Trigger Mode" = 2
"Exit Mode" = 2

[node name="CollisionShape3D" type="CollisionShape3D" parent="MainAct/CullingMap/End-L"]
transform = Transform3D(1, 0, 0, 0, 1, 0, 0, 0, 1, 0, 8, 0)
shape = SubResource("BoxShape3D_mynxt")

[node name="FeedingTunnel-U" parent="MainAct/CullingMap" instance=ExtResource("4_edlvo")]
transform = Transform3D(0.173648, 0, -0.984808, 0, 1, 0, 0.984808, 0, 0.173648, -737.443, -262.022, -1072.15)
"Trigger Mode" = 2
"Exit Mode" = 2

[node name="CollisionShape3D" type="CollisionShape3D" parent="MainAct/CullingMap/FeedingTunnel-U"]
transform = Transform3D(1, 0, 0, 0, 1, 0, 0, 0, 1, 0, 8, 0)
shape = SubResource("BoxShape3D_mynxt")

[node name="Crossing" type="Node3D" parent="MainAct"]
transform = Transform3D(1, 0, 0, 0, 1, 0, 0, 0, 1, -435, -265, -923)
script = ExtResource("10_c22fn")
startEnabled = true
saveVisibilityOnCheckpoint = true

[node name="Rings" type="Node3D" parent="MainAct/Crossing"]
transform = Transform3D(1, 0, 0, 0, 1, 0, 0, 0, 1, 109.018, 1.2778, -29.0001)
script = ExtResource("13_1ild8")
Generate = false
Source = ExtResource("14_q2pyx")
Amount = 5
Shape = 2
Path = NodePath("../../../Static/Path/DinoPath")
"Path Progress Offset" = 2.7
"Disable Path Y" = false
Spacing = 2.0
"Horizontal Offset" = null
"Vertical Offset" = null

[node name="Child01" parent="MainAct/Crossing/Rings" instance=ExtResource("14_q2pyx")]
transform = Transform3D(1, 0, 0, 0, 1, 0, 0, 0, 1, 2.5965, -0.178833, 0.527161)

[node name="Child02" parent="MainAct/Crossing/Rings" instance=ExtResource("14_q2pyx")]
transform = Transform3D(1, 0, 0, 0, 1, 0, 0, 0, 1, 4.53641, -0.269073, 0.885315)

[node name="Child03" parent="MainAct/Crossing/Rings" instance=ExtResource("14_q2pyx")]
transform = Transform3D(1, 0, 0, 0, 1, 0, 0, 0, 1, 6.49976, -0.286194, 1.17084)

[node name="Child04" parent="MainAct/Crossing/Rings" instance=ExtResource("14_q2pyx")]
transform = Transform3D(1, 0, 0, 0, 1, 0, 0, 0, 1, 8.48352, -0.244537, 1.36389)

[node name="Child05" parent="MainAct/Crossing/Rings" instance=ExtResource("14_q2pyx")]
transform = Transform3D(1, 0, 0, 0, 1, 0, 0, 0, 1, 10.4851, -0.157867, 1.43542)

[node name="Switch" parent="MainAct/Crossing" instance=ExtResource("59_hxcpk")]
transform = Transform3D(0.422618, 0, 0.906308, 0, 1, 0, -0.906308, 0, 0.422618, 115.679, -11.8943, -181.42)
toggleMode = true

[node name="BlueMajin2" parent="MainAct/Crossing" instance=ExtResource("44_g6ngr")]
transform = Transform3D(0.658558, 0, -0.75253, 0, 1, 0, 0.75253, 0, 0.658558, 134.943, 3.61923, -37.7798)

[node name="BlueMajin" parent="MainAct/Crossing" instance=ExtResource("44_g6ngr")]
transform = Transform3D(0.658558, 0, -0.75253, 0, 1, 0, 0.75253, 0, 0.658558, 131.174, 0, -33.6323)

[node name="Cactus" parent="MainAct/Crossing" instance=ExtResource("17_djk1t")]
transform = Transform3D(1, 0, 0, 0, 1, 0, 0, 0, 1, 140.418, 7.89703, -48.3471)

[node name="Cactus2" parent="MainAct/Crossing" node_paths=PackedStringArray("root", "pieceRoot", "animator") instance=ExtResource("17_djk1t")]
transform = Transform3D(1, 0, 0, 0, 1, 0, 0, 0, 1, 148.174, 7.89703, -52.7847)
root = NodePath("../Cactus/Root")
pieceRoot = NodePath("../Cactus/CactusPieces")
animator = NodePath("../Cactus/AnimationPlayer")

[node name="Cactus3" parent="MainAct/Crossing" node_paths=PackedStringArray("root", "pieceRoot", "animator") instance=ExtResource("17_djk1t")]
transform = Transform3D(1, 0, 0, 0, 1, 0, 0, 0, 1, 138.538, -12.0478, -158.831)
root = NodePath("../Cactus/Root")
pieceRoot = NodePath("../Cactus/CactusPieces")
animator = NodePath("../Cactus/AnimationPlayer")

[node name="Cactus4" parent="MainAct/Crossing" node_paths=PackedStringArray("root", "pieceRoot", "animator") instance=ExtResource("17_djk1t")]
transform = Transform3D(1, 0, 0, 0, 1, 0, 0, 0, 1, 135.943, -12.0478, -165.07)
root = NodePath("../Cactus/Root")
pieceRoot = NodePath("../Cactus/CactusPieces")
animator = NodePath("../Cactus/AnimationPlayer")

[node name="Cactus5" parent="MainAct/Crossing" node_paths=PackedStringArray("root", "pieceRoot", "animator") instance=ExtResource("17_djk1t")]
transform = Transform3D(1, 0, 0, 0, 1, 0, 0, 0, 1, 129.495, -12.0478, -166.782)
root = NodePath("../Cactus/Root")
pieceRoot = NodePath("../Cactus/CactusPieces")
animator = NodePath("../Cactus/AnimationPlayer")

[node name="Cactus6" parent="MainAct/Crossing" node_paths=PackedStringArray("root", "pieceRoot", "animator") instance=ExtResource("17_djk1t")]
transform = Transform3D(1, 0, 0, 0, 1, 0, 0, 0, 1, 129.495, -12.0478, -179.648)
root = NodePath("../Cactus/Root")
pieceRoot = NodePath("../Cactus/CactusPieces")
animator = NodePath("../Cactus/AnimationPlayer")

[node name="Cactus8" parent="MainAct/Crossing" node_paths=PackedStringArray("root", "pieceRoot", "animator") instance=ExtResource("17_djk1t")]
transform = Transform3D(1, 0, 0, 0, 1, 0, 0, 0, 1, 124.067, -12.0478, -177.439)
root = NodePath("../Cactus/Root")
pieceRoot = NodePath("../Cactus/CactusPieces")
animator = NodePath("../Cactus/AnimationPlayer")

[node name="Cactus9" parent="MainAct/Crossing" node_paths=PackedStringArray("root", "pieceRoot", "animator") instance=ExtResource("17_djk1t")]
transform = Transform3D(1, 0, 0, 0, 1, 0, 0, 0, 1, 124.067, -12.0478, -171.585)
root = NodePath("../Cactus/Root")
pieceRoot = NodePath("../Cactus/CactusPieces")
animator = NodePath("../Cactus/AnimationPlayer")

[node name="Cactus7" parent="MainAct/Crossing" node_paths=PackedStringArray("root", "pieceRoot", "animator") instance=ExtResource("17_djk1t")]
transform = Transform3D(1, 0, 0, 0, 1, 0, 0, 0, 1, 135.195, -12.0478, -171.833)
root = NodePath("../Cactus/Root")
pieceRoot = NodePath("../Cactus/CactusPieces")
animator = NodePath("../Cactus/AnimationPlayer")

[node name="Cactus10" parent="MainAct/Crossing" node_paths=PackedStringArray("root", "pieceRoot", "animator") instance=ExtResource("17_djk1t")]
transform = Transform3D(0.881814, 0, -0.471597, 0, 1, 0, 0.471597, 0, 0.881814, -12.5197, -12.0478, -243.129)
root = NodePath("../Cactus/Root")
pieceRoot = NodePath("../Cactus/CactusPieces")
animator = NodePath("../Cactus/AnimationPlayer")

[node name="Cactus12" parent="MainAct/Crossing" node_paths=PackedStringArray("root", "pieceRoot", "animator") instance=ExtResource("17_djk1t")]
transform = Transform3D(0.881814, 0, -0.471597, 0, 1, 0, 0.471597, 0, 0.881814, -13.1887, -12.0478, -231.137)
root = NodePath("../Cactus/Root")
pieceRoot = NodePath("../Cactus/CactusPieces")
animator = NodePath("../Cactus/AnimationPlayer")

[node name="Cactus11" parent="MainAct/Crossing" node_paths=PackedStringArray("root", "pieceRoot", "animator") instance=ExtResource("17_djk1t")]
transform = Transform3D(1.5, 0, 0, 0, 1.5, 0, 0, 0, 1.5, -9.34116, -12.0693, -238.098)
root = NodePath("../Cactus/Root")
pieceRoot = NodePath("../Cactus/CactusPieces")
animator = NodePath("../Cactus/AnimationPlayer")

[node name="Rings2" type="Node3D" parent="MainAct/Crossing"]
transform = Transform3D(0.98278, -0.0588189, 0.175168, 0.00419989, 0.954849, 0.297062, -0.184731, -0.291211, 0.938654, 148.199, -4.52087, -112.462)
script = ExtResource("13_1ild8")
Generate = false
Source = ExtResource("14_q2pyx")
Amount = 5
Shape = 0
Orientation = 0
Spacing = 2.0
"Horizontal Offset" = null
"Vertical Offset" = null

[node name="Child01" parent="MainAct/Crossing/Rings2" instance=ExtResource("14_q2pyx")]

[node name="Child02" parent="MainAct/Crossing/Rings2" instance=ExtResource("14_q2pyx")]
transform = Transform3D(1, 0, 0, 0, 1, 0, 0, 0, 1, 0, 0, -2)

[node name="Child03" parent="MainAct/Crossing/Rings2" instance=ExtResource("14_q2pyx")]
transform = Transform3D(1, 0, 0, 0, 1, 0, 0, 0, 1, 0, 0, -4)

[node name="Child04" parent="MainAct/Crossing/Rings2" instance=ExtResource("14_q2pyx")]
transform = Transform3D(1, 0, 0, 0, 1, 0, 0, 0, 1, 0, 0, -6)

[node name="Child05" parent="MainAct/Crossing/Rings2" instance=ExtResource("14_q2pyx")]
transform = Transform3D(1, 0, 0, 0, 1, 0, 0, 0, 1, 0, 0, -8)

[node name="DashPanel" parent="MainAct/Crossing" instance=ExtResource("15_sm2p2")]
transform = Transform3D(-0.341512, 0, -0.939878, 0, 1, 0, 0.939878, 0, -0.341512, 100.911, -11.98, -184.189)

[node name="DashPanel2" parent="MainAct/Crossing" node_paths=PackedStringArray("sfxPlayer") instance=ExtResource("15_sm2p2")]
transform = Transform3D(-0.42412, 0, -0.905606, 0, 1, 0, 0.905606, 0, -0.42412, 21.3794, -12.0605, -248.129)
length = 0.2
sfxPlayer = NodePath("../DashPanel/SFX")

[node name="SpikeBall" parent="MainAct/Crossing" instance=ExtResource("53_31sjq")]
transform = Transform3D(1, 0, 0, 0, 1, 0, 0, 0, 1, 3.81274, -11.1124, -251.982)

[node name="SpikeBall2" parent="MainAct/Crossing" node_paths=PackedStringArray("root", "animator") instance=ExtResource("53_31sjq")]
transform = Transform3D(1, 0, 0, 0, 1, 0, 0, 0, 1, -4.89111, -11.4908, -251.63)
root = NodePath("../SpikeBall/Root")
animator = NodePath("../SpikeBall/Root/AnimationPlayer")

[node name="Rings3" type="Node3D" parent="MainAct/Crossing"]
transform = Transform3D(0.429187, 0.132683, 0.893417, 0.000929959, 0.989086, -0.147338, -0.903215, 0.0640664, 0.424379, 84.136, -7.84201, -191.34)
script = ExtResource("13_1ild8")
Generate = false
Source = ExtResource("14_q2pyx")
Amount = 5
Shape = 0
Orientation = 0
Spacing = 2.0
"Horizontal Offset" = null
"Vertical Offset" = null

[node name="Child01" parent="MainAct/Crossing/Rings3" instance=ExtResource("14_q2pyx")]

[node name="Child02" parent="MainAct/Crossing/Rings3" instance=ExtResource("14_q2pyx")]
transform = Transform3D(1, 0, -2.98023e-08, -3.72529e-09, 1, 1.30385e-08, 2.98023e-08, 7.45058e-09, 1, 6.10352e-05, -0.0968323, -2)

[node name="Child03" parent="MainAct/Crossing/Rings3" instance=ExtResource("14_q2pyx")]
transform = Transform3D(1, 0, -5.96046e-08, -7.45058e-09, 1, 2.6077e-08, 5.96046e-08, -9.31323e-09, 1, 6.10352e-05, -0.285004, -4)

[node name="Child04" parent="MainAct/Crossing/Rings3" instance=ExtResource("14_q2pyx")]
transform = Transform3D(1, 0, -5.96046e-08, -7.45058e-09, 1, 2.6077e-08, 5.96046e-08, -9.31323e-09, 1, 6.10352e-05, -0.482513, -6)

[node name="Child05" parent="MainAct/Crossing/Rings3" instance=ExtResource("14_q2pyx")]
transform = Transform3D(1, 0, -2.98023e-08, -3.72529e-09, 1, 1.30385e-08, 2.98023e-08, 7.45058e-09, 1, -6.10352e-05, -0.783508, -8)

[node name="Rings4" type="Node3D" parent="MainAct/Crossing"]
transform = Transform3D(0.439085, 0.237863, 0.866387, 0.0412291, 0.957967, -0.283901, -0.897499, 0.160377, 0.410822, 67.64, -7.44699, -199.12)
script = ExtResource("13_1ild8")
Generate = false
Source = ExtResource("14_q2pyx")
Amount = 5
Shape = 0
Orientation = 0
Spacing = 2.0
"Horizontal Offset" = null
"Vertical Offset" = null

[node name="Child01" parent="MainAct/Crossing/Rings4" instance=ExtResource("14_q2pyx")]

[node name="Child02" parent="MainAct/Crossing/Rings4" instance=ExtResource("14_q2pyx")]
transform = Transform3D(1, 0, 0, 0, 1, 0, 0, 0, 1, 0, 0, -2)

[node name="Child03" parent="MainAct/Crossing/Rings4" instance=ExtResource("14_q2pyx")]
transform = Transform3D(1, 0, 0, 0, 1, 0, 0, 0, 1, 0, 0, -4)

[node name="Child04" parent="MainAct/Crossing/Rings4" instance=ExtResource("14_q2pyx")]
transform = Transform3D(1, 0, 0, 0, 1, 0, 0, 0, 1, 0, 0, -6)

[node name="Child05" parent="MainAct/Crossing/Rings4" instance=ExtResource("14_q2pyx")]
transform = Transform3D(1, 0, 0, 0, 1, 0, 0, 0, 1, 0, 0, -8)

[node name="BlueMajin4" parent="MainAct/Crossing" instance=ExtResource("44_g6ngr")]
transform = Transform3D(0.292989, 0, 0.956116, 0, 1, 0, -0.956116, 0, 0.292989, 17.0227, 1.7074, -223.032)

[node name="RedMajin" parent="MainAct/Crossing" instance=ExtResource("56_ggdrh")]
transform = Transform3D(0.410257, 0, 0.91197, 0, 1, 0, -0.91197, 0, 0.410257, 11.6612, 2.064, -224.856)
"Attack Settings/Flame Active Time" = 3.0
"Attack Settings/Flame Inactive Time" = 2.0

[node name="ItemBox" parent="MainAct/Crossing" instance=ExtResource("39_m3xki")]
transform = Transform3D(-0.856492, 0, 0.51616, 0, 1, 0, -0.51616, 0, -0.856492, -19.663, -11.593, -223.42)
"Spawn Settings/Spawn Pearls" = true
"Spawn Settings/Amount" = 15

[node name="ItemBox2" parent="MainAct/Crossing" instance=ExtResource("39_m3xki")]
transform = Transform3D(-0.856492, 0, 0.51616, 0, 1, 0, -0.51616, 0, -0.856492, -21.159, -11.593, -217.1)
"Spawn Settings/Spawn Pearls" = true
"Spawn Settings/Amount" = 15

[node name="ItemBox3" parent="MainAct/Crossing" instance=ExtResource("39_m3xki")]
transform = Transform3D(-0.82099, 0, 0.570943, 0, 1, 0, -0.570943, 0, -0.82099, -29.519, -11.593, -210.52)
"Spawn Settings/Spawn Pearls" = true
"Spawn Settings/Amount" = 15

[node name="WhiteRock" parent="MainAct/Crossing" instance=ExtResource("12_y57wt")]
transform = Transform3D(-0.0135605, 0, 0.999908, 0, 1.35, 0, -0.999908, 0, -0.0135605, -14.502, -2.87399, -214.87)

[node name="WhiteRock2" parent="MainAct/Crossing" node_paths=PackedStringArray("root", "pieceRoot", "animator") instance=ExtResource("12_y57wt")]
transform = Transform3D(-0.437288, 0, 0.899321, 0, 1.35, 0, -0.899321, 0, -0.437288, -8.991, -2.88901, -213.74)
root = NodePath("../WhiteRock/WhiteRock")
pieceRoot = NodePath("../WhiteRock/WhiteRockPieces")
animator = NodePath("../WhiteRock/AnimationPlayer")

[node name="WhiteRock3" parent="MainAct/Crossing" node_paths=PackedStringArray("root", "pieceRoot", "animator") instance=ExtResource("12_y57wt")]
transform = Transform3D(0.986389, 0, -0.164428, 0, 1.35, 0, 0.164428, 0, 0.986389, -8.754, -2.88901, -217.43)
root = NodePath("../WhiteRock/WhiteRock")
pieceRoot = NodePath("../WhiteRock/WhiteRockPieces")
animator = NodePath("../WhiteRock/AnimationPlayer")

[node name="WhiteRock5" parent="MainAct/Crossing" node_paths=PackedStringArray("root", "pieceRoot", "animator") instance=ExtResource("12_y57wt")]
transform = Transform3D(0.958135, 0, -0.765831, 0, 0.87, 0, 1.14109, 0, 0.643041, -18.0023, -2.9686, -210.676)
root = NodePath("../WhiteRock/WhiteRock")
pieceRoot = NodePath("../WhiteRock/WhiteRockPieces")
animator = NodePath("../WhiteRock/AnimationPlayer")

[node name="WhiteRock4" parent="MainAct/Crossing" node_paths=PackedStringArray("root", "pieceRoot", "animator") instance=ExtResource("12_y57wt")]
transform = Transform3D(-0.990051, 0, -0.140711, 0, 1.35, 0, 0.140711, 0, -0.990051, -13.262, -2.88901, -211.48)
root = NodePath("../WhiteRock/WhiteRock")
pieceRoot = NodePath("../WhiteRock/WhiteRockPieces")
animator = NodePath("../WhiteRock/AnimationPlayer")

[node name="RockCam" parent="MainAct/Crossing" instance=ExtResource("4_edlvo")]
transform = Transform3D(1, 0, 0, 0, 1, 0, 0, 0, 1, -11.8861, -4.04825, -213.816)
"Trigger Mode" = 2
"Enter Mode" = 0
"Exit Mode" = 0

[node name="Camera" type="Node3D" parent="MainAct/Crossing/RockCam"]
transform = Transform3D(1, 0, 0, 0, 1, 0, 0, 0, 1, 0, 0, 0.0565186)
script = ExtResource("22_er5c1")
transitionTime = 0.3
settings = ExtResource("19_jd5a0")

[node name="CollisionShape3D" type="CollisionShape3D" parent="MainAct/Crossing/RockCam"]
transform = Transform3D(-0.76121, 0, 0.648505, 0, 1, 0, -0.648505, 0, -0.76121, 4.58603, 0.0910645, -2.57373)
shape = SubResource("BoxShape3D_hpf2h")

[node name="CactusFieldCam" parent="MainAct/Crossing" instance=ExtResource("4_edlvo")]
transform = Transform3D(0.464425, 0, -0.885613, 0, 1, 0, 0.885613, 0, 0.464425, 137.894, -8.21344, -158.195)
"Trigger Mode" = 2
"Enter Mode" = 0
"Exit Mode" = 0

[node name="CollisionShape3D" type="CollisionShape3D" parent="MainAct/Crossing/CactusFieldCam"]
transform = Transform3D(0.747277, 0, 0.664513, 0, 1, 0, -0.664513, 0, 0.747277, -4.50183, 0, -10.3222)
shape = SubResource("BoxShape3D_qui1s")

[node name="Camera" type="Node3D" parent="MainAct/Crossing/CactusFieldCam"]
script = ExtResource("22_er5c1")
transitionTime = 0.3
settings = ExtResource("19_fo15p")

[node name="JumpTrigger" parent="MainAct/Crossing" instance=ExtResource("4_edlvo")]
transform = Transform3D(0.898472, 0, -0.43903, 0, 1, 0, 0.43903, 0, 0.898472, 26.4547, -7.83032, -245.207)

[node name="LandJump" type="Node3D" parent="MainAct/Crossing/JumpTrigger"]
transform = Transform3D(1, 0, 0, 0, 1, 0, 0, 0, 1, -5.53339, -3.66144, -0.297424)
script = ExtResource("24_rdfuh")
jumpHeight = 1.0

[node name="CollisionShape3D" type="CollisionShape3D" parent="MainAct/Crossing/JumpTrigger"]
transform = Transform3D(1, 0, 0, 0, 1, 0, 0, 0, 1, -0.947754, 0, -6.10352e-05)
shape = SubResource("BoxShape3D_5g14v")

[node name="Cavern" type="Node3D" parent="MainAct"]
transform = Transform3D(1, 0, 0, 0, 1, 0, 0, 0, 1, -484.8, -275.5, -1110.7)
script = ExtResource("10_c22fn")
startEnabled = true
saveVisibilityOnCheckpoint = true

[node name="LotasPlatform" parent="MainAct/Cavern" instance=ExtResource("24_k57n0")]
transform = Transform3D(1.33425, 0, 0, 0, 1.33425, 0, 0, 0, 1.33425, -144.583, -22.3672, 48.5404)

[node name="LotasPlatform8" parent="MainAct/Cavern" instance=ExtResource("24_k57n0")]
transform = Transform3D(2.2, 0, 0, 0, 1.334, 0, 0, 0, 2.2, -2.00406, -22.3672, 2.71558)

[node name="LotasPlatform2" parent="MainAct/Cavern" instance=ExtResource("24_k57n0")]
transform = Transform3D(1.2, 0, 0, 0, 1, 0, 0, 0, 1.2, -20.1794, -17.2605, -2.00903)

[node name="LotasPlatform5" parent="MainAct/Cavern" instance=ExtResource("24_k57n0")]
transform = Transform3D(1.7, 0, 0, 0, 1, 0, 0, 0, 1.7, -69.704, -17.2605, 18.3352)

[node name="LotasPlatform3" parent="MainAct/Cavern" instance=ExtResource("24_k57n0")]
transform = Transform3D(0.801431, 0, -0.598087, 0, 1, 0, 0.598087, 0, 0.801431, -60.1068, -12.5342, -0.306152)

[node name="LotasPlatform6" parent="MainAct/Cavern" instance=ExtResource("24_k57n0")]
transform = Transform3D(1.26872, 0, 0.283453, 0, 0.81, 0, -0.283453, 0, 1.26872, -86.724, -10.6742, 27.0029)

[node name="LotasPlatform7" parent="MainAct/Cavern" instance=ExtResource("24_k57n0")]
transform = Transform3D(0.478815, 0, -1.20861, 0, 1, 0, 1.20861, 0, 0.478815, -101.219, -11.9982, 25.0735)

[node name="LotasPlatform4" parent="MainAct/Cavern" instance=ExtResource("24_k57n0")]
transform = Transform3D(0.344232, 0, 0.722152, 0, 1, 0, -0.722152, 0, 0.344232, -64.769, -10.7861, 6.95874)

[node name="BlueMajin" parent="MainAct/Cavern" instance=ExtResource("44_g6ngr")]
transform = Transform3D(-0.0546887, 0, 0.998503, 0, 1, 0, -0.998503, 0, -0.0546887, -38.8481, -2.27002, -10.3101)

[node name="BlueMajin2" parent="MainAct/Cavern" instance=ExtResource("44_g6ngr")]
transform = Transform3D(-0.0546887, 0, 0.998503, 0, 1, 0, -0.998503, 0, -0.0546887, -47.519, -2.27002, -9.83496)

[node name="BlueMajin3" parent="MainAct/Cavern" instance=ExtResource("44_g6ngr")]
transform = Transform3D(-0.552053, 0, 0.833809, 0, 1, 0, -0.833809, 0, -0.552053, -54.9586, -0.905426, -6.41675)

[node name="BlueMajin4" parent="MainAct/Cavern" instance=ExtResource("44_g6ngr")]
transform = Transform3D(-0.876231, 0, 0.481891, 0, 1, 0, -0.481891, 0, -0.876231, -59.5019, 1.3436, -0.829468)

[node name="JumpTrigger" parent="MainAct/Cavern" instance=ExtResource("4_edlvo")]
transform = Transform3D(0.843823, 0, 0.536622, 0, 1, 0, -0.536622, 0, 0.843823, 14.1489, -1.22522, -11.9684)

[node name="LandJump" type="Node3D" parent="MainAct/Cavern/JumpTrigger"]
transform = Transform3D(1, 0, 0, 0, 1, 0, 0, 0, 1, -20.1345, -2.73694, 4.40698)
script = ExtResource("24_rdfuh")
jumpHeight = 6.0

[node name="LandJumpPathTrigger" type="Node3D" parent="MainAct/Cavern/JumpTrigger/LandJump" node_paths=PackedStringArray("path")]
transform = Transform3D(0.843823, 0, -0.536622, 0, 1, 0, 0.536622, 0, 0.843823, 1.77292, 3.96216, -1.90039)
script = ExtResource("18_mtiqb")
path = NodePath("../../../../../Static/Path/BoatPath")

[node name="CollisionShape3D" type="CollisionShape3D" parent="MainAct/Cavern/JumpTrigger"]
transform = Transform3D(1, 0, 0, 0, 1, 0, 0, 0, 1, 0.121704, 0, 0)
shape = SubResource("BoxShape3D_0schr")

[node name="InvisibleGrindrail" parent="MainAct/Cavern" instance=ExtResource("22_si71f")]
transform = Transform3D(-0.838024, 0, 0.545634, 0, 1, 0, -0.545634, 0, -0.838024, -54.179, -3.02469, -7.56165)
railLength = 26

[node name="Rings5" type="Node3D" parent="MainAct/Cavern"]
transform = Transform3D(-0.838024, 0, 0.545634, 0, 1, 0, -0.545634, 0, -0.838024, -54.4391, -2.29861, -7.16199)
script = ExtResource("13_1ild8")
Generate = false
Source = ExtResource("14_q2pyx")
Amount = 8
Shape = 0
Orientation = 0
Spacing = 3.0
"Horizontal Offset" = null
"Vertical Offset" = null

[node name="Child01" parent="MainAct/Cavern/Rings5" instance=ExtResource("14_q2pyx")]

[node name="Child02" parent="MainAct/Cavern/Rings5" instance=ExtResource("14_q2pyx")]
transform = Transform3D(1, 0, 0, 0, 1, 0, 0, 0, 1, 0, 0, -3)

[node name="Child03" parent="MainAct/Cavern/Rings5" instance=ExtResource("14_q2pyx")]
transform = Transform3D(1, 0, 0, 0, 1, 0, 0, 0, 1, 0, 0, -6)

[node name="Child04" parent="MainAct/Cavern/Rings5" instance=ExtResource("14_q2pyx")]
transform = Transform3D(1, 0, 0, 0, 1, 0, 0, 0, 1, 0, 0, -9)

[node name="Child05" parent="MainAct/Cavern/Rings5" instance=ExtResource("14_q2pyx")]
transform = Transform3D(1, 0, 0, 0, 1, 0, 0, 0, 1, 0, 0, -12)

[node name="Child06" parent="MainAct/Cavern/Rings5" instance=ExtResource("14_q2pyx")]
transform = Transform3D(1, 0, 0, 0, 1, 0, 0, 0, 1, 0, 0, -15)

[node name="Child07" parent="MainAct/Cavern/Rings5" instance=ExtResource("14_q2pyx")]
transform = Transform3D(1, 0, 0, 0, 1, 0, 0, 0, 1, 0, 0, -18)

[node name="Child08" parent="MainAct/Cavern/Rings5" instance=ExtResource("14_q2pyx")]
transform = Transform3D(1, 0, 0, 0, 1, 0, 0, 0, 1, 0, 0, -21)

[node name="BlueMajin10" parent="MainAct/Cavern" instance=ExtResource("44_g6ngr")]
transform = Transform3D(-0.212178, 0, 0.977231, 0, 1, 0, -0.977231, 0, -0.212178, -80.0499, -1.0018, 22.2036)

[node name="BlueMajin6" parent="MainAct/Cavern" instance=ExtResource("44_g6ngr")]
transform = Transform3D(-0.128432, 0, 0.991718, 0, 1, 0, -0.991718, 0, -0.128432, -86.6802, 0.33255, 26.879)

[node name="BlueMajin7" parent="MainAct/Cavern" instance=ExtResource("44_g6ngr")]
transform = Transform3D(-0.128432, 0, 0.991718, 0, 1, 0, -0.991718, 0, -0.128432, -101.032, 1.87073, 24.8613)

[node name="BlueMajin9" parent="MainAct/Cavern" instance=ExtResource("44_g6ngr")]
transform = Transform3D(-0.254248, 0, 0.967139, 0, 1, 0, -0.967139, 0, -0.254248, -134.612, -5.06036, 37.6638)

[node name="BlueMajin8" parent="MainAct/Cavern" instance=ExtResource("44_g6ngr")]
transform = Transform3D(-0.254248, 0, 0.967139, 0, 1, 0, -0.967139, 0, -0.254248, -125.972, -5.03943, 34.3187)

[node name="BlueMajin5" parent="MainAct/Cavern" instance=ExtResource("44_g6ngr")]
transform = Transform3D(-0.254248, 0, 0.967139, 0, 1, 0, -0.967139, 0, -0.254248, -118.654, -2.56372, 30.2186)

[node name="InvisibleGrindrail2" parent="MainAct/Cavern" instance=ExtResource("22_si71f")]
transform = Transform3D(-0.259628, 0, 0.965709, 0, 1, 0, -0.965709, 0, -0.259628, -76.2462, -2.52319, 21.3333)
railLength = 37

[node name="Rings6" type="Node3D" parent="MainAct/Cavern/InvisibleGrindrail2"]
transform = Transform3D(1, 0, 0, 0, 1, 0, 0, 0, 1, 0, 0.644379, -0.340454)
script = ExtResource("13_1ild8")
Generate = false
Source = ExtResource("14_q2pyx")
Amount = 10
Shape = 0
Orientation = 0
Spacing = 2.6
"Horizontal Offset" = null
"Vertical Offset" = null

[node name="Child01" parent="MainAct/Cavern/InvisibleGrindrail2/Rings6" instance=ExtResource("14_q2pyx")]

[node name="Child02" parent="MainAct/Cavern/InvisibleGrindrail2/Rings6" instance=ExtResource("14_q2pyx")]
transform = Transform3D(1, 0, 0, 0, 1, 0, 0, 0, 1, 0, 0, -2.6)

[node name="Child03" parent="MainAct/Cavern/InvisibleGrindrail2/Rings6" instance=ExtResource("14_q2pyx")]
transform = Transform3D(1, 0, 0, 0, 1, 0, 0, 0, 1, 0, 0, -5.2)

[node name="Child04" parent="MainAct/Cavern/InvisibleGrindrail2/Rings6" instance=ExtResource("14_q2pyx")]
transform = Transform3D(1, 0, 0, 0, 1, 0, 0, 0, 1, 0, 0, -7.8)

[node name="Child05" parent="MainAct/Cavern/InvisibleGrindrail2/Rings6" instance=ExtResource("14_q2pyx")]
transform = Transform3D(1, 0, 0, 0, 1, 0, 0, 0, 1, 0, 0, -10.4)

[node name="Child06" parent="MainAct/Cavern/InvisibleGrindrail2/Rings6" instance=ExtResource("14_q2pyx")]
transform = Transform3D(1, 0, 0, 0, 1, 0, 0, 0, 1, 0, 0, -13)

[node name="Child07" parent="MainAct/Cavern/InvisibleGrindrail2/Rings6" instance=ExtResource("14_q2pyx")]
transform = Transform3D(1, 0, 0, 0, 1, 0, 0, 0, 1, 0, 0, -15.6)

[node name="Child08" parent="MainAct/Cavern/InvisibleGrindrail2/Rings6" instance=ExtResource("14_q2pyx")]
transform = Transform3D(1, 0, 0, 0, 1, 0, 0, 0, 1, 0, 0, -18.2)

[node name="Child09" parent="MainAct/Cavern/InvisibleGrindrail2/Rings6" instance=ExtResource("14_q2pyx")]
transform = Transform3D(1, 0, 0, 0, 1, 0, 0, 0, 1, 0, 0, -20.8)

[node name="Child10" parent="MainAct/Cavern/InvisibleGrindrail2/Rings6" instance=ExtResource("14_q2pyx")]
transform = Transform3D(1, 0, 0, 0, 1, 0, 0, 0, 1, 0, 0, -23.4)

[node name="Goal" parent="MainAct/Cavern" instance=ExtResource("64_wwi0g")]
transform = Transform3D(-0.745895, 0, 0.666064, 0, 1, 0, -0.666064, 0, -0.745895, -145.737, 0.911102, 50.3856)

[node name="CollisionShape3D" type="CollisionShape3D" parent="MainAct/Cavern/Goal"]
transform = Transform3D(1, 0, 0, 0, 1, 0, 0, 0, 1, 0, -3.24289, 2.08151)
shape = SubResource("BoxShape3D_kplmy")

[connection signal="Activated" from="MainAct/CullingMap/Crossing-L" to="MainAct/Crossing" method="Activate"]
[connection signal="Deactivated" from="MainAct/CullingMap/Crossing-L" to="MainAct/Crossing" method="Deactivate"]
[connection signal="Activated" from="MainAct/CullingMap/Cavern-L" to="MainAct/Cavern" method="Activate"]
[connection signal="Deactivated" from="MainAct/CullingMap/Cavern-L" to="MainAct/Cavern" method="Deactivate"]
[connection signal="Activated" from="MainAct/CullingMap/Crossing-U" to="MainAct/Crossing" method="Deactivate"]
[connection signal="Deactivated" from="MainAct/CullingMap/Crossing-U" to="MainAct/Crossing" method="Activate"]
[connection signal="Activated" from="MainAct/CullingMap/Cavern-U" to="MainAct/Cavern" method="Deactivate"]
[connection signal="Deactivated" from="MainAct/CullingMap/Cavern-U" to="MainAct/Cavern" method="Activate"]
[connection signal="Activated" from="MainAct/Crossing/Switch" to="Static/Trigger/Object/Apatos2/Event" method="Activate"]
[connection signal="Deactivated" from="MainAct/Crossing/Switch" to="Static/Trigger/Object/Apatos2/Event" method="Deactivate"]
[connection signal="JumpFinished" from="MainAct/Cavern/JumpTrigger/LandJump" to="MainAct/Cavern/JumpTrigger/LandJump/LandJumpPathTrigger" method="Activate"]

[editable path="Static"]
