[gd_scene load_steps=54 format=3 uid="uid://4ku8otmttbdw"]

[ext_resource type="PackedScene" uid="uid://cby2m0q2072c2" path="res://area/2 dino jungle/act 1/Static.tscn" id="1_15mb8"]
[ext_resource type="Resource" uid="uid://bfhobpge3ljn2" path="res://resource/level data/dinosaur jungle/Act2Rampage.tres" id="2_e23ug"]
[ext_resource type="PackedScene" uid="uid://bn6wr6l8s3qyt" path="res://object/trigger/StageTrigger.tscn" id="4_8l10n"]
[ext_resource type="PackedScene" uid="uid://cjupypih0myxo" path="res://object/player/CharacterSpawn.tscn" id="8_aa84t"]
[ext_resource type="Script" path="res://object/trigger/modules/DialogTrigger.cs" id="9_3ulwd"]
[ext_resource type="Script" path="res://object/trigger/modules/CullingTrigger.cs" id="10_tx4o8"]
[ext_resource type="PackedScene" uid="uid://cnwhks8ciopdd" path="res://area/2 dino jungle/object/rock/WhiteRock.tscn" id="12_mrc1a"]
[ext_resource type="Script" path="res://addons/custom_nodes/script/ObjectGenerator.cs" id="13_ymm10"]
[ext_resource type="PackedScene" uid="uid://c7l8mr7ubn848" path="res://object/stage/pickups/Ring.tscn" id="14_2lsue"]
[ext_resource type="PackedScene" uid="uid://d0b2gvx7s6s8u" path="res://object/stage/pickups/Pearl.tscn" id="16_rxraj"]
[ext_resource type="PackedScene" uid="uid://dhb5ti1oiktuk" path="res://area/2 dino jungle/object/Cactus.tscn" id="17_khxoo"]
[ext_resource type="Script" path="res://object/trigger/modules/PathTrigger.cs" id="18_klrop"]
[ext_resource type="PackedScene" uid="uid://dj1cswbo7iqnb" path="res://area/2 dino jungle/object/platform/LotusPlatform.tscn" id="20_imscf"]
[ext_resource type="Script" path="res://object/trigger/modules/CameraTrigger.cs" id="22_aligo"]
[ext_resource type="Script" path="res://object/trigger/modules/JumpTrigger.cs" id="24_2wsqy"]
[ext_resource type="PackedScene" uid="uid://ctt8k8ju64i3l" path="res://object/enemy/flower/FlowerMajin.tscn" id="26_6ufbs"]
[ext_resource type="PackedScene" uid="uid://co2wg02egbm0x" path="res://object/trigger/state trigger/AutomationTrigger.tscn" id="26_bgqbi"]
[ext_resource type="PackedScene" uid="uid://b8m1x0tudbcbd" path="res://object/stage/common/Spring.tscn" id="27_n236x"]
[ext_resource type="PackedScene" uid="uid://cx36fswvjfblm" path="res://object/stage/destructable/EnemyStone.tscn" id="28_d3ufo"]
[ext_resource type="PackedScene" uid="uid://cbs8o4mdf1wbo" path="res://area/2 dino jungle/object/platform/GrassPillar.tscn" id="29_pv0x1"]
[ext_resource type="PackedScene" uid="uid://8imymng7so3h" path="res://object/enemy/majin/data/dino jungle/BlueMajin.tscn" id="30_kbooq"]
[ext_resource type="PackedScene" uid="uid://bjkwrplubhwil" path="res://area/2 dino jungle/object/platform/CactusPlatform.tscn" id="30_lpril"]
[ext_resource type="PackedScene" uid="uid://2h6xrqn3jp6l" path="res://object/stage/destructable/Cage.tscn" id="33_3024m"]
[ext_resource type="Resource" uid="uid://d3rdm2cjtdkxv" path="res://area/2 dino jungle/act 1/camera/CavernUpPathRightCam.tres" id="34_qslp2"]
[ext_resource type="PackedScene" uid="uid://cu6lpq7q82grk" path="res://object/stage/pickups/FireSoul.tscn" id="34_qx5mi"]
[ext_resource type="Resource" uid="uid://c0po4hbuglkj3" path="res://area/2 dino jungle/act 1/camera/CavernUpPathLeftCam.tres" id="35_5x61b"]
[ext_resource type="PackedScene" uid="uid://87lgwwefd4g4" path="res://object/stage/common/JumpPanel.tscn" id="35_bnpic"]
[ext_resource type="Resource" uid="uid://gp5oyx4iu6wq" path="res://area/2 dino jungle/act 1/camera/CavernUpPathRightENDCam.tres" id="35_elure"]
[ext_resource type="Resource" uid="uid://ysgb4weske7h" path="res://area/2 dino jungle/act 1/camera/FeedingLotusArenaRampageCam.tres" id="37_1usas"]
[ext_resource type="Script" path="res://object/trigger/modules/TeleportTrigger.cs" id="38_rrtn0"]
[ext_resource type="PackedScene" uid="uid://b8s2qjmlhu5tc" path="res://object/stage/common/ThornSpring.tscn" id="38_vw8kh"]
[ext_resource type="PackedScene" uid="uid://68st06xyjgvp" path="res://object/stage/pickups/RichRing.tscn" id="40_kc0hy"]
[ext_resource type="PackedScene" uid="uid://mhhtlvsxmugl" path="res://object/stage/common/Catapult.tscn" id="47_sasol"]
[ext_resource type="PackedScene" uid="uid://bqvtcp8tkbfyt" path="res://object/stage/common/SpikeBall.tscn" id="53_ai6is"]
[ext_resource type="PackedScene" uid="uid://byqsn4npjn7e1" path="res://area/2 dino jungle/object/platform/LogPlatform.tscn" id="54_475jn"]
[ext_resource type="PackedScene" uid="uid://dermptym044v8" path="res://object/enemy/majin/data/dino jungle/RedMajin.tscn" id="56_2sanu"]
[ext_resource type="PackedScene" uid="uid://cc64d8h51jyx2" path="res://object/stage/common/ItemBoxFlying.tscn" id="57_p8d1j"]
[ext_resource type="PackedScene" uid="uid://c85xw5ix60fe8" path="res://object/stage/common/Switch.tscn" id="59_4wx81"]

[sub_resource type="BoxShape3D" id="BoxShape3D_mynxt"]
size = Vector3(12, 20, 1)

[sub_resource type="Curve" id="Curve_j4nlx"]
_data = [Vector2(0, 0), 0.0, 0.0, 0, 0, Vector2(0.506494, 0.489064), 0.0, 0.0, 0, 0, Vector2(1, 0.00922775), 0.0, 0.0, 0, 0]
point_count = 3

[sub_resource type="Curve" id="Curve_qm4ns"]
max_value = 10.35
_data = [Vector2(0, 0), 0.0, -3.96969, 0, 0, Vector2(1, 6.7275), -9.72993, 0.0, 0, 0]
point_count = 2
metadata/_snap_enabled = true
metadata/_snap_count = 20

[sub_resource type="Curve" id="Curve_wy8h4"]
max_value = 1.95
_data = [Vector2(0, 1.95), 0.0, -8.68112, 0, 0, Vector2(0.521336, 0), 0.0, 0.0, 0, 0, Vector2(1, 1.95), 10.1669, 0.0, 0, 0]
point_count = 3

[sub_resource type="SphereShape3D" id="SphereShape3D_s5d1g"]
radius = 2.0

[sub_resource type="Curve" id="Curve_7fkq0"]
_data = [Vector2(0, 0), 0.0, 0.0, 0, 0]
point_count = 1

[sub_resource type="Curve" id="Curve_b06j3"]
_data = [Vector2(0, 0.4), 0.0, 0.0, 0, 0]
point_count = 1

[sub_resource type="Curve" id="Curve_j161l"]
_data = [Vector2(0, 0.4), 0.0, 0.0, 0, 0]
point_count = 1

[sub_resource type="BoxShape3D" id="BoxShape3D_a46qn"]
size = Vector3(31.375, 18.215, 2.485)

[sub_resource type="BoxShape3D" id="BoxShape3D_3fhna"]
size = Vector3(81.7991, 19.675, 22.8894)

[sub_resource type="BoxShape3D" id="BoxShape3D_8r160"]
size = Vector3(46.0268, 21.2066, 23.9358)

[sub_resource type="BoxShape3D" id="BoxShape3D_dgf46"]
size = Vector3(51.792, 12.563, 37.3386)

[sub_resource type="BoxShape3D" id="BoxShape3D_s1xlk"]
size = Vector3(2.929, 19.0295, 13.489)

[sub_resource type="BoxShape3D" id="BoxShape3D_yv2yh"]
size = Vector3(29.63, 32.535, 35.645)

[sub_resource type="BoxShape3D" id="BoxShape3D_c4mxl"]
size = Vector3(10, 20, 2.5)

[node name="Stage" type="Node"]

[node name="Static" parent="." instance=ExtResource("1_15mb8")]
Data = ExtResource("2_e23ug")
metadata/_edit_group_ = true

[node name="01Chase" parent="Static/Visuals" index="1"]
startEnabled = false

[node name="03Cave" parent="Static/Visuals" index="3"]
startEnabled = true

[node name="04Spiral" parent="Static/Visuals" index="6"]
startEnabled = true

[node name="05Crossing" parent="Static/Visuals" index="7"]
startEnabled = true

[node name="06CavernEntrance" parent="Static/Visuals" index="8"]
startEnabled = true

[node name="07Cavern" parent="Static/Visuals" index="9"]
startEnabled = true

[node name="08FeedingTunnel" parent="Static/Visuals" index="10"]
startEnabled = true

[node name="RiverBoatPathFollower" parent="Static/Path/RiverPath" index="0"]
transform = Transform3D(-4.37114e-08, 0, 1, 0, 1, 0, -1, 0, -4.37114e-08, 0, 0, 0)

[node name="CavernBoatPathFollower" parent="Static/Path/BoatPath" index="0"]
transform = Transform3D(0.683927, 0, -0.729551, 0, 1, 0, 0.729551, 0, 0.683927, 0, 0, 0)

[node name="MainAct" type="Node3D" parent="."]

[node name="SpawnPosition" type="Node3D" parent="MainAct"]
transform = Transform3D(-0.999423, 0, -0.033975, 0, 1, 0, 0.033975, 0, -0.999423, -362.037, -222.507, -620.102)

[node name="CharacterSpawn" parent="MainAct/SpawnPosition" instance=ExtResource("8_aa84t")]
transform = Transform3D(-0.0564489, 0, 0.998406, 0, 1, 0, -0.998406, 0, -0.0564489, 105.697, -58.0484, 491.181)

[node name="CullingMap" type="Node3D" parent="MainAct"]

[node name="River-L" parent="MainAct/CullingMap" instance=ExtResource("4_8l10n")]
transform = Transform3D(-0.984808, 0, -0.173648, 0, 1, 0, 0.173648, 0, -0.984808, -191.789, -35.8911, -472.882)
"Trigger Mode" = 2
"Exit Mode" = 2

[node name="CollisionShape3D" type="CollisionShape3D" parent="MainAct/CullingMap/River-L"]
transform = Transform3D(1, 0, 0, 0, 1, 0, 0, 0, 1, 0, 8, 0)
shape = SubResource("BoxShape3D_mynxt")

[node name="Chase-U" parent="MainAct/CullingMap" instance=ExtResource("4_8l10n")]
transform = Transform3D(-4.37114e-08, 0, 1, 0, 1, 0, -1, 0, -4.37114e-08, -171.662, -94.9911, -491.415)
"Enter Mode" = 0

[node name="CollisionShape3D" type="CollisionShape3D" parent="MainAct/CullingMap/Chase-U"]
transform = Transform3D(1, 0, 0, 0, 1, 0, 0, 0, 1, 0, 8, 0)
shape = SubResource("BoxShape3D_mynxt")

[node name="Cave-L" parent="MainAct/CullingMap" instance=ExtResource("4_8l10n")]
transform = Transform3D(-0.128859, -0.385375, -0.913718, 0.14997, 0.903229, -0.402102, 0.980257, -0.188845, -0.0585947, -336.773, -196.505, -540.344)
"Enter Mode" = 0

[node name="CollisionShape3D" type="CollisionShape3D" parent="MainAct/CullingMap/Cave-L"]
transform = Transform3D(1, 0, 0, 0, 1, 0, 0, 0, 1, 0, 8, 0)
shape = SubResource("BoxShape3D_mynxt")

[node name="River-U" parent="MainAct/CullingMap" instance=ExtResource("4_8l10n")]
transform = Transform3D(-1, 0, -8.74228e-08, 0, 1, 0, 8.74228e-08, 0, -1, -363.082, -208.991, -610.798)
"Enter Mode" = 0

[node name="CollisionShape3D" type="CollisionShape3D" parent="MainAct/CullingMap/River-U"]
transform = Transform3D(1, 0, 0, 0, 1, 0, 0, 0, 1, 0, 8, 0)
shape = SubResource("BoxShape3D_mynxt")

[node name="Spiral-L" parent="MainAct/CullingMap" instance=ExtResource("4_8l10n")]
transform = Transform3D(-4.37114e-08, -0.258819, -0.965926, 0, 0.965926, -0.258819, 1, -1.13133e-08, -4.2222e-08, -401.206, -223.237, -806.195)
"Trigger Mode" = 2
"Exit Mode" = 2

[node name="CollisionShape3D" type="CollisionShape3D" parent="MainAct/CullingMap/Spiral-L"]
transform = Transform3D(1, 0, 0, 0, 1, 0, 0, 0, 1, 0, 8, 0)
shape = SubResource("BoxShape3D_mynxt")

[node name="Cave-U" parent="MainAct/CullingMap" instance=ExtResource("4_8l10n")]
transform = Transform3D(-0.984808, 0, 0.173648, 0, 1, 0, -0.173648, 0, -0.984808, -438.628, -220.715, -850.722)
"Trigger Mode" = 2
"Exit Mode" = 2

[node name="CollisionShape3D" type="CollisionShape3D" parent="MainAct/CullingMap/Cave-U"]
transform = Transform3D(1, 0, 0, 0, 1, 0, 0, 0, 1, 0, 8, 0)
shape = SubResource("BoxShape3D_mynxt")

[node name="Crossing-L" parent="MainAct/CullingMap" instance=ExtResource("4_8l10n")]
transform = Transform3D(-0.939693, 0, -0.34202, 0, 1, 0, 0.34202, 0, -0.939692, -432.405, -265.007, -913.629)
"Trigger Mode" = 2
"Exit Mode" = 2

[node name="CollisionShape3D" type="CollisionShape3D" parent="MainAct/CullingMap/Crossing-L"]
transform = Transform3D(1, 0, 0, 0, 1, 0, 0, 0, 1, 0, 8, 0)
shape = SubResource("BoxShape3D_mynxt")

[node name="Spiral-U" parent="MainAct/CullingMap" instance=ExtResource("4_8l10n")]
transform = Transform3D(-0.38647, 0, 0.922302, 0, 1, 0, -0.922302, 0, -0.38647, -422.584, -265.023, -929.051)
"Trigger Mode" = 2
"Exit Mode" = 2

[node name="CollisionShape3D" type="CollisionShape3D" parent="MainAct/CullingMap/Spiral-U"]
transform = Transform3D(1, 0, 0, 0, 1, 0, 0, 0, 1, 0, 8, 0)
shape = SubResource("BoxShape3D_mynxt")

[node name="Cavern-L" parent="MainAct/CullingMap" instance=ExtResource("4_8l10n")]
transform = Transform3D(-0.851982, 0, -0.523569, 0, 1, 0, 0.523569, 0, -0.851982, -299.194, -276.99, -1092.07)
"Trigger Mode" = 2
"Exit Mode" = 2

[node name="CollisionShape3D" type="CollisionShape3D" parent="MainAct/CullingMap/Cavern-L"]
transform = Transform3D(1, 0, 0, 0, 1, 0, 0, 0, 1, 0, 8, 0)
shape = SubResource("BoxShape3D_mynxt")

[node name="Crossing-U" parent="MainAct/CullingMap" instance=ExtResource("4_8l10n")]
transform = Transform3D(-0.692357, 0, -0.721555, 0, 1, 0, 0.721555, 0, -0.692357, -507.601, -281.023, -1115.58)
"Trigger Mode" = 2
"Exit Mode" = 2

[node name="CollisionShape3D" type="CollisionShape3D" parent="MainAct/CullingMap/Crossing-U"]
transform = Transform3D(1, 0, 0, 0, 1, 0, 0, 0, 1, 0, 8, 0)
shape = SubResource("BoxShape3D_mynxt")

[node name="FeedingTunnel-L" parent="MainAct/CullingMap" instance=ExtResource("4_8l10n")]
transform = Transform3D(0.200599, 0, -0.979673, 0, 1, 0, 0.979673, 0, 0.200599, -568.268, -280.893, -1086.22)
"Enter Mode" = 0

[node name="CollisionShape3D" type="CollisionShape3D" parent="MainAct/CullingMap/FeedingTunnel-L"]
transform = Transform3D(1, 0, 0, 0, 1, 0, 0, 0, 1, 0, 8, 0)
shape = SubResource("BoxShape3D_mynxt")

[node name="Cavern-U" parent="MainAct/CullingMap" instance=ExtResource("4_8l10n")]
transform = Transform3D(-0.238822, 0, -0.971063, 0, 1, 0, 0.971063, 0, -0.238822, -646.547, -277.96, -1056.96)
"Trigger Mode" = 2
"Exit Mode" = 2

[node name="CollisionShape3D" type="CollisionShape3D" parent="MainAct/CullingMap/Cavern-U"]
transform = Transform3D(1, 0, 0, 0, 1, 0, 0, 0, 1, 0, 8, 0)
shape = SubResource("BoxShape3D_mynxt")

[node name="End-L" parent="MainAct/CullingMap" instance=ExtResource("4_8l10n")]
transform = Transform3D(-4.37114e-08, 0, -1, 0, 1, 0, 1, 0, -4.37114e-08, -669.765, -265.596, -1044.62)
"Trigger Mode" = 2
"Exit Mode" = 2

[node name="CollisionShape3D" type="CollisionShape3D" parent="MainAct/CullingMap/End-L"]
transform = Transform3D(1, 0, 0, 0, 1, 0, 0, 0, 1, 0, 8, 0)
shape = SubResource("BoxShape3D_mynxt")

[node name="FeedingTunnel-U" parent="MainAct/CullingMap" instance=ExtResource("4_8l10n")]
transform = Transform3D(0.173648, 0, -0.984808, 0, 1, 0, 0.984808, 0, 0.173648, -737.443, -262.022, -1072.15)
"Trigger Mode" = 2
"Exit Mode" = 2

[node name="CollisionShape3D" type="CollisionShape3D" parent="MainAct/CullingMap/FeedingTunnel-U"]
transform = Transform3D(1, 0, 0, 0, 1, 0, 0, 0, 1, 0, 8, 0)
shape = SubResource("BoxShape3D_mynxt")

[node name="DialogTriggers" type="Node3D" parent="MainAct"]

[node name="CaveSplitTrigger" parent="MainAct/DialogTriggers" instance=ExtResource("4_8l10n")]
transform = Transform3D(1, 0, 0, 0, 1, 0, 0, 0, 1, -362.675, -222.686, -621.829)
OneShot = true
"Respawn Mode" = 3

[node name="Dialog" type="Node3D" parent="MainAct/DialogTriggers/CaveSplitTrigger"]
script = ExtResource("9_3ulwd")
textKeys = ["din_split_sh"]

[node name="CollisionShape3D" type="CollisionShape3D" parent="MainAct/DialogTriggers/CaveSplitTrigger"]
transform = Transform3D(1, 0, 0, 0, 1, 0, 0, 0, 1, 0, 10, 0)
shape = SubResource("BoxShape3D_mynxt")

[node name="Cave" type="Node3D" parent="MainAct"]
transform = Transform3D(1, 0, 0, 0, 1, 0, 0, 0, 1, -362, -223, -621)
script = ExtResource("10_tx4o8")
startEnabled = true
saveVisibilityOnCheckpoint = true

[node name="Rings" type="Node3D" parent="MainAct/Cave"]
transform = Transform3D(0.99757, 0, 0.0696694, 0, 1, 0, -0.0696694, 0, 0.99757, -0.555695, 1.27005, -6.23627)
script = ExtResource("13_ymm10")
Generate = false
Source = ExtResource("14_2lsue")
Amount = 6
Shape = 0
Orientation = 0
Spacing = 2.0
"Horizontal Offset" = null
"Vertical Offset" = null

[node name="Child01" parent="MainAct/Cave/Rings" instance=ExtResource("14_2lsue")]

[node name="Child02" parent="MainAct/Cave/Rings" instance=ExtResource("14_2lsue")]
transform = Transform3D(1, 0, 0, 0, 1, 0, 0, 0, 1, 0, 0, -2)

[node name="Child03" parent="MainAct/Cave/Rings" instance=ExtResource("14_2lsue")]
transform = Transform3D(1, 0, 0, 0, 1, 0, 0, 0, 1, 0, 0, -4)

[node name="Child04" parent="MainAct/Cave/Rings" instance=ExtResource("14_2lsue")]
transform = Transform3D(1, 0, 0, 0, 1, 0, 0, 0, 1, 0, 0, -6)

[node name="Child05" parent="MainAct/Cave/Rings" instance=ExtResource("14_2lsue")]
transform = Transform3D(1, 0, 0, 0, 1, 0, 0, 0, 1, 0, 0, -8)

[node name="Child06" parent="MainAct/Cave/Rings" instance=ExtResource("14_2lsue")]
transform = Transform3D(1, 0, 0, 0, 1, 0, 0, 0, 1, 0, 0, -10)

[node name="GrassPillar" parent="MainAct/Cave" instance=ExtResource("29_pv0x1")]
transform = Transform3D(0.270368, 0.0685287, 0.960315, 0.058246, 0.994472, -0.0873649, -0.960993, 0.0795552, 0.264882, -5.8653, -0.510712, -32.9012)

[node name="Switch" parent="MainAct/Cave" instance=ExtResource("59_4wx81")]
transform = Transform3D(0.978046, 0.20411, -0.0420166, 0, -0.201625, -0.979463, -0.20839, 0.95796, -0.197199, -4.90121, 5.38797, -29.9643)
toggleMode = true

[node name="CullingTrigger" type="Node3D" parent="MainAct/Cave/Switch"]
transform = Transform3D(0.978046, 3.72529e-09, -0.20839, 0.20411, -0.201625, 0.95796, -0.0420166, -0.979463, -0.197198, -1.45064, 30.7913, -0.837555)
script = ExtResource("10_tx4o8")

[node name="Spring" parent="MainAct/Cave/Switch/CullingTrigger" instance=ExtResource("27_n236x")]
transform = Transform3D(-0.908508, 0.208933, 0.361884, 0, 0.866025, -0.5, -0.417867, -0.454254, -0.786792, 2.00775, 1.02547, -21.5217)
"Secondary Settings/Enabled" = false
middleHeight = 4.0
finalHeight = 1.0
distance = 23.0
voiceKey = &""

[node name="Path" type="Node3D" parent="MainAct/Cave/Switch/CullingTrigger/Spring" node_paths=PackedStringArray("path")]
script = ExtResource("18_klrop")
path = NodePath("../../../../../../Static/Path/CaveRightPath")

[node name="Rings2" type="Node3D" parent="MainAct/Cave/Switch/CullingTrigger"]
transform = Transform3D(0.903545, 0.0564338, 0.424761, -2.23517e-08, 0.991289, -0.131703, -0.428494, 0.118999, 0.895674, -6.10352e-05, 1.12376, -19.2726)
script = ExtResource("13_ymm10")
Generate = false
Source = ExtResource("14_2lsue")
Amount = 6
Shape = 0
Orientation = 0
Spacing = 1.7
"Horizontal Offset" = SubResource("Curve_j4nlx")
"Vertical Offset" = null

[node name="Child01" parent="MainAct/Cave/Switch/CullingTrigger/Rings2" instance=ExtResource("14_2lsue")]

[node name="Child02" parent="MainAct/Cave/Switch/CullingTrigger/Rings2" instance=ExtResource("14_2lsue")]
transform = Transform3D(1, 0, 0, 0, 1, 0, 0, 0, 1, 0.168547, 0, -1.7)

[node name="Child03" parent="MainAct/Cave/Switch/CullingTrigger/Rings2" instance=ExtResource("14_2lsue")]
transform = Transform3D(1, 0, 0, 0, 1, 0, 0, 0, 1, 0.433294, 0, -3.4)

[node name="Child04" parent="MainAct/Cave/Switch/CullingTrigger/Rings2" instance=ExtResource("14_2lsue")]
transform = Transform3D(1, 0, 0, 0, 1, 0, 0, 0, 1, 0.443913, 0, -5.1)

[node name="Child05" parent="MainAct/Cave/Switch/CullingTrigger/Rings2" instance=ExtResource("14_2lsue")]
transform = Transform3D(1, 0, 0, 0, 1, 0, 0, 0, 1, 0.181774, 0, -6.8)

[node name="Child06" parent="MainAct/Cave/Switch/CullingTrigger/Rings2" instance=ExtResource("14_2lsue")]
transform = Transform3D(1, 0, 0, 0, 1, 0, 0, 0, 1, 0.00922775, 0, -8.5)

[node name="Catapult" parent="MainAct/Cave" instance=ExtResource("47_sasol")]
transform = Transform3D(-0.995853, 0, -0.0909802, 0, 1, 0, 0.0909802, 0, -0.995853, 11.7543, 1.96648, -61.9584)
closeDistance = 16.3
closeMidHeight = 2.38
closeEndHeight = -6.765
farDistance = 27.99
farMidHeight = 5.705
farEndHeight = -0.15
launchPower = 1.0

[node name="Catapult2" parent="MainAct/Cave" instance=ExtResource("47_sasol")]
transform = Transform3D(0.893411, 0, -0.449241, 0, 1, 0, 0.449241, 0, 0.893411, 7.50247, 1.87936, -88.7032)
farDistance = 32.61
farMidHeight = 13.94
farEndHeight = 0.81
launchPower = 1.0

[node name="EnemyStone" parent="MainAct/Cave" instance=ExtResource("28_d3ufo")]
transform = Transform3D(1.32545, 0, 0.231651, 0, 0.957883, 0, -0.155329, 0, 1.97672, 11.9506, 2.95598, -60.5653)
enemyCount = 1

[node name="FlowerMajin" parent="MainAct/Cave" instance=ExtResource("26_6ufbs")]
transform = Transform3D(1, 0, 0, 0, 1, 0, 0, 0, 1, 12.3456, 2.26663, -54.9971)
rangeOverride = 15

[node name="LogPlatform" parent="MainAct/Cave" instance=ExtResource("54_475jn")]
transform = Transform3D(0.884133, 0, -0.467236, 0, 1, 0, 0.467236, 0, 0.884133, 10.966, 2.35539, -97.5439)

[node name="Cactus" parent="MainAct/Cave" instance=ExtResource("17_khxoo")]
transform = Transform3D(1, 0, 0, 0, 1, 0, 0, 0, 1, -11.8542, 6.35295, -63.4445)

[node name="Cactus2" parent="MainAct/Cave" node_paths=PackedStringArray("root", "pieceRoot", "animator") instance=ExtResource("17_khxoo")]
transform = Transform3D(1, 0, 0, 0, 1, 0, 0, 0, 1, -60.8307, -4.01382, -187.04)
root = NodePath("../Cactus/Root")
pieceRoot = NodePath("../Cactus/CactusPieces")
animator = NodePath("../Cactus/AnimationPlayer")

[node name="Cactus3" parent="MainAct/Cave" node_paths=PackedStringArray("root", "pieceRoot", "animator") instance=ExtResource("17_khxoo")]
transform = Transform3D(0.990085, 0.140084, -0.0104002, -0.140469, 0.987368, -0.0733048, 0, 0.0740389, 0.997255, -70.4784, -2.90988, -191.38)
root = NodePath("../Cactus/Root")
pieceRoot = NodePath("../Cactus/CactusPieces")
animator = NodePath("../Cactus/AnimationPlayer")

[node name="Cactus4" parent="MainAct/Cave" node_paths=PackedStringArray("root", "pieceRoot", "animator") instance=ExtResource("17_khxoo")]
transform = Transform3D(0.990085, 0.140084, -0.0104002, -0.140469, 0.987368, -0.0733048, 0, 0.0740389, 0.997255, -75.3195, -2.53073, -187.276)
root = NodePath("../Cactus/Root")
pieceRoot = NodePath("../Cactus/CactusPieces")
animator = NodePath("../Cactus/AnimationPlayer")

[node name="Rings3" type="Node3D" parent="MainAct/Cave"]
transform = Transform3D(0.761294, -0.0735161, 0.644226, -0.00462325, 0.992911, 0.11877, -0.64839, -0.0933972, 0.755557, -12.4463, 6.53961, -67.7587)
script = ExtResource("13_ymm10")
Generate = false
Source = ExtResource("14_2lsue")
Amount = 5
Shape = 0
Orientation = 0
Spacing = 3.2
"Horizontal Offset" = null
"Vertical Offset" = null

[node name="Child01" parent="MainAct/Cave/Rings3" instance=ExtResource("14_2lsue")]

[node name="Child02" parent="MainAct/Cave/Rings3" instance=ExtResource("14_2lsue")]
transform = Transform3D(1, 0, 0, 0, 1, 0, 0, 0, 1, 0, 0, -3.2)

[node name="Child03" parent="MainAct/Cave/Rings3" instance=ExtResource("14_2lsue")]
transform = Transform3D(1, 0, 0, 0, 1, 0, 0, 0, 1, 0, 0, -6.4)

[node name="Child04" parent="MainAct/Cave/Rings3" instance=ExtResource("14_2lsue")]
transform = Transform3D(1, 0, 0, 0, 1, 0, 0, 0, 1, 0, 0, -9.6)

[node name="Child05" parent="MainAct/Cave/Rings3" instance=ExtResource("14_2lsue")]
transform = Transform3D(1, 0, 0, 0, 1, 0, 0, 0, 1, 0, 0, -12.8)

[node name="ThornSpring" parent="MainAct/Cave" instance=ExtResource("38_vw8kh")]
transform = Transform3D(0.861408, 0, -0.507914, 0, 1, 0, 0.507914, 0, 0.861408, -22.1738, 2.92746, -106.745)

[node name="LotusPlatform" parent="MainAct/Cave" instance=ExtResource("20_imscf")]
transform = Transform3D(1.74966, 0, -0.422737, 0, 1, 0, 0.422737, 0, 1.74966, -16.78, -8.26894, -114.995)

[node name="LotusPlatform5" parent="MainAct/Cave" instance=ExtResource("20_imscf")]
transform = Transform3D(-0.171886, 0, 1.49012, 0, 1, 0, -1.49012, 0, -0.171886, -5.2099, -6.73993, -137.955)

[node name="LotusPlatform6" parent="MainAct/Cave" instance=ExtResource("20_imscf")]
transform = Transform3D(-0.137509, 0, 1.1921, 0, 1, 0, -1.1921, 0, -0.137509, -1.59741, -5.74806, -157.633)

[node name="LotusPlatform7" parent="MainAct/Cave" instance=ExtResource("20_imscf")]
transform = Transform3D(-0.156989, 0, 1.64907, 0, 1, 0, -1.36098, 0, -0.19022, 1.759, -4.13846, -165.453)

[node name="LotusPlatform8" parent="MainAct/Cave" instance=ExtResource("20_imscf")]
transform = Transform3D(0.752021, 0, 1.38755, 0, 1, 0, -1.14515, 0, 0.911208, -6.7666, -2.36778, -170.981)

[node name="LotusPlatform3" parent="MainAct/Cave" instance=ExtResource("20_imscf")]
transform = Transform3D(2.03154, 0, -0.470882, 0, 1, 0, 0.490844, 0, 1.94892, -12.8236, -5.76169, -128.211)

[node name="LotusPlatform2" parent="MainAct/Cave" instance=ExtResource("20_imscf")]
transform = Transform3D(0.777625, 0, -0.187883, 0, 1, 0, 0.187883, 0, 0.777625, -23.8699, -5.45915, -112.883)

[node name="LotusPlatform9" parent="MainAct/Cave" instance=ExtResource("20_imscf")]
transform = Transform3D(0.583218, 0, -0.140912, 0, 1, 0, 0.140912, 0, 0.583218, -28.5107, -3.77052, -174.752)

[node name="LotusPlatform10" parent="MainAct/Cave" instance=ExtResource("20_imscf")]
transform = Transform3D(0.777625, 0, -0.187883, 0, 1, 0, 0.187883, 0, 0.777625, -32.4332, -4.03101, -182.894)

[node name="LotusPlatform11" parent="MainAct/Cave" instance=ExtResource("20_imscf")]
transform = Transform3D(0.486015, 0, -0.117427, 0, 1, 0, 0.117427, 0, 0.486015, -45.4186, -7.46704, -187.786)

[node name="LotusPlatform4" parent="MainAct/Cave" instance=ExtResource("20_imscf")]
transform = Transform3D(0.777625, 0, -0.187883, 0, 1, 0, 0.187883, 0, 0.777625, -3.64749, -2.77341, -132.416)

[node name="FlowerMajin2" parent="MainAct/Cave" instance=ExtResource("26_6ufbs")]
transform = Transform3D(0.799202, 0, -0.601062, 0, 1, 0, 0.601062, 0, 0.799202, -3.69177, 10.8817, -132.313)

[node name="Pearl" type="Node3D" parent="MainAct/Cave"]
transform = Transform3D(0.928454, -0.0159562, -0.371106, 1.86265e-09, 0.999077, -0.0429568, 0.371449, 0.0398834, 0.927596, -21.8385, 1.66974, -112.949)
script = ExtResource("13_ymm10")
Generate = false
Source = ExtResource("16_rxraj")
Amount = 20
Shape = 0
Orientation = 0
Spacing = 1.2
"Horizontal Offset" = SubResource("Curve_qm4ns")
"Vertical Offset" = null

[node name="Child01" parent="MainAct/Cave/Pearl" instance=ExtResource("16_rxraj")]

[node name="Child02" parent="MainAct/Cave/Pearl" instance=ExtResource("16_rxraj")]
transform = Transform3D(1, 0, 0, 0, 1, 0, 0, 0, 1, -0.108037, 0, -1.2)

[node name="Child03" parent="MainAct/Cave/Pearl" instance=ExtResource("16_rxraj")]
transform = Transform3D(1, 0, 0, 0, 1, 0, 0, 0, 1, -0.0301229, 0, -2.4)

[node name="Child04" parent="MainAct/Cave/Pearl" instance=ExtResource("16_rxraj")]
transform = Transform3D(1, 0, 0, 0, 1, 0, 0, 0, 1, 0.209989, 0, -3.6)

[node name="Child05" parent="MainAct/Cave/Pearl" instance=ExtResource("16_rxraj")]
transform = Transform3D(1, 0, 0, 0, 1, 0, 0, 0, 1, 0.588544, 0, -4.8)

[node name="Child06" parent="MainAct/Cave/Pearl" instance=ExtResource("16_rxraj")]
transform = Transform3D(1, 0, 0, 0, 1, 0, 0, 0, 1, 1.08179, 0, -6)

[node name="Child07" parent="MainAct/Cave/Pearl" instance=ExtResource("16_rxraj")]
transform = Transform3D(1, 0, 0, 0, 1, 0, 0, 0, 1, 1.66597, 0, -7.2)

[node name="Child08" parent="MainAct/Cave/Pearl" instance=ExtResource("16_rxraj")]
transform = Transform3D(1, 0, 0, 0, 1, 0, 0, 0, 1, 2.31733, 0, -8.4)

[node name="Child09" parent="MainAct/Cave/Pearl" instance=ExtResource("16_rxraj")]
transform = Transform3D(1, 0, 0, 0, 1, 0, 0, 0, 1, 3.01213, 0, -9.6)

[node name="Child10" parent="MainAct/Cave/Pearl" instance=ExtResource("16_rxraj")]
transform = Transform3D(1, 0, 0, 0, 1, 0, 0, 0, 1, 3.72659, 0, -10.8)

[node name="Child11" parent="MainAct/Cave/Pearl" instance=ExtResource("16_rxraj")]
transform = Transform3D(1, 0, 0, 0, 1, 0, 0, 0, 1, 4.43698, 0, -12)

[node name="Child12" parent="MainAct/Cave/Pearl" instance=ExtResource("16_rxraj")]
transform = Transform3D(1, 0, 0, 0, 1, 0, 0, 0, 1, 5.11953, 0, -13.2)

[node name="Child13" parent="MainAct/Cave/Pearl" instance=ExtResource("16_rxraj")]
transform = Transform3D(1, 0, 0, 0, 1, 0, 0, 0, 1, 5.7505, 0, -14.4)

[node name="Child14" parent="MainAct/Cave/Pearl" instance=ExtResource("16_rxraj")]
transform = Transform3D(1, 0, 0, 0, 1, 0, 0, 0, 1, 6.30612, 0, -15.6)

[node name="Child15" parent="MainAct/Cave/Pearl" instance=ExtResource("16_rxraj")]
transform = Transform3D(1, 0, 0, 0, 1, 0, 0, 0, 1, 6.76266, 0, -16.8)

[node name="Child16" parent="MainAct/Cave/Pearl" instance=ExtResource("16_rxraj")]
transform = Transform3D(1, 0, 0, 0, 1, 0, 0, 0, 1, 7.09634, 0, -18)

[node name="Child17" parent="MainAct/Cave/Pearl" instance=ExtResource("16_rxraj")]
transform = Transform3D(1, 0, 0, 0, 1, 0, 0, 0, 1, 7.28342, 0, -19.2)

[node name="Child18" parent="MainAct/Cave/Pearl" instance=ExtResource("16_rxraj")]
transform = Transform3D(1, 0, 0, 0, 1, 0, 0, 0, 1, 7.30014, 0, -20.4)

[node name="Child19" parent="MainAct/Cave/Pearl" instance=ExtResource("16_rxraj")]
transform = Transform3D(1, 0, 0, 0, 1, 0, 0, 0, 1, 7.12275, 0, -21.6)

[node name="Child20" parent="MainAct/Cave/Pearl" instance=ExtResource("16_rxraj")]
transform = Transform3D(1, 0, 0, 0, 1, 0, 0, 0, 1, 6.7275, 0, -22.8)

[node name="ThornSpring2" parent="MainAct/Cave" instance=ExtResource("38_vw8kh")]
transform = Transform3D(1, 0, 0, 0, 1, 0, 0, 0, 1, 0, 6.19807, -152.605)

[node name="Rings7" type="Node3D" parent="MainAct/Cave"]
transform = Transform3D(0.928803, 0, -0.370574, 0, 1, 0, 0.370574, 0, 0.928803, -12.9459, 8.27939, -128.063)
script = ExtResource("13_ymm10")
Generate = false
Source = ExtResource("14_2lsue")
Amount = 12
Shape = 1
Orientation = 0
"Ring Size" = 2.1
"Ring Ratio" = 1.0

[node name="Child01" parent="MainAct/Cave/Rings7" instance=ExtResource("14_2lsue")]
transform = Transform3D(1, 0, 0, 0, 1, 0, 0, 0, 1, -2.1, 0, 0)

[node name="Child02" parent="MainAct/Cave/Rings7" instance=ExtResource("14_2lsue")]
transform = Transform3D(1, 0, 0, 0, 1, 0, 0, 0, 1, -1.81865, 0, 1.05)

[node name="Child03" parent="MainAct/Cave/Rings7" instance=ExtResource("14_2lsue")]
transform = Transform3D(1, 0, 0, 0, 1, 0, 0, 0, 1, -1.05, 0, 1.81865)

[node name="Child04" parent="MainAct/Cave/Rings7" instance=ExtResource("14_2lsue")]
transform = Transform3D(1, 0, 0, 0, 1, 0, 0, 0, 1, 1.83588e-07, 0, 2.1)

[node name="Child05" parent="MainAct/Cave/Rings7" instance=ExtResource("14_2lsue")]
transform = Transform3D(1, 0, 0, 0, 1, 0, 0, 0, 1, 1.05, 0, 1.81865)

[node name="Child06" parent="MainAct/Cave/Rings7" instance=ExtResource("14_2lsue")]
transform = Transform3D(1, 0, 0, 0, 1, 0, 0, 0, 1, 1.81865, 0, 1.05)

[node name="Child07" parent="MainAct/Cave/Rings7" instance=ExtResource("14_2lsue")]
transform = Transform3D(1, 0, 0, 0, 1, 0, 0, 0, 1, 2.1, 0, -1.83588e-07)

[node name="Child08" parent="MainAct/Cave/Rings7" instance=ExtResource("14_2lsue")]
transform = Transform3D(1, 0, 0, 0, 1, 0, 0, 0, 1, 1.81865, 0, -1.05)

[node name="Child09" parent="MainAct/Cave/Rings7" instance=ExtResource("14_2lsue")]
transform = Transform3D(1, 0, 0, 0, 1, 0, 0, 0, 1, 1.05, 0, -1.81865)

[node name="Child10" parent="MainAct/Cave/Rings7" instance=ExtResource("14_2lsue")]
transform = Transform3D(1, 0, 0, 0, 1, 0, 0, 0, 1, -3.67176e-07, 0, -2.1)

[node name="Child11" parent="MainAct/Cave/Rings7" instance=ExtResource("14_2lsue")]
transform = Transform3D(1, 0, 0, 0, 1, 0, 0, 0, 1, -1.05, 0, -1.81865)

[node name="Child12" parent="MainAct/Cave/Rings7" instance=ExtResource("14_2lsue")]
transform = Transform3D(1, 0, 0, 0, 1, 0, 0, 0, 1, -1.81865, 0, -1.05)

[node name="ItemBoxFlying" parent="MainAct/Cave" instance=ExtResource("57_p8d1j")]
transform = Transform3D(0.921951, 0, 0.387306, 0, 1, 0, -0.387306, 0, 0.921951, 1.034, 9.94611, -166.01)
"Spawn Settings/Pickup Parent" = NodePath("RichRing")

[node name="RichRing" parent="MainAct/Cave/ItemBoxFlying" instance=ExtResource("40_kc0hy")]
transform = Transform3D(1, 0, 0, 0, 1, 0, 0, 0, 1, -5.02164, 1.8647, -6.56506)

[node name="ItemBoxFlying2" parent="MainAct/Cave" instance=ExtResource("57_p8d1j")]
transform = Transform3D(0.228878, 0, 0.973455, 0, 1, 0, -0.973455, 0, 0.228878, -28.3867, 11.3499, -174.776)
"Spawn Settings/Spawn Pearls" = true
"Spawn Settings/Amount" = 25

[node name="RedMajin" parent="MainAct/Cave" instance=ExtResource("56_2sanu")]
transform = Transform3D(0.00930247, 0, 0.999956, 0, 1, 0, -0.999956, 0, 0.00930247, -22.6184, 5.9733, -174.782)
"Attack Settings/Flame Inactive Time" = 2.0
"Attack Settings/Flame Aggression Radius" = 0

[node name="RedMajin2" parent="MainAct/Cave" instance=ExtResource("56_2sanu")]
transform = Transform3D(0.407422, 0, 0.91324, 0, 1, 0, -0.91324, 0, 0.407422, -31.3275, 4.24059, -181.115)
"Attack Settings/Flame Inactive Time" = 2.0
"Attack Settings/Flame Aggression Radius" = 0

[node name="Cage" parent="MainAct/Cave" instance=ExtResource("33_3024m")]
transform = Transform3D(0.190809, 0, 0.981627, 0, 1, 0, -0.981627, 0, 0.190809, -45.2935, 6.86261, -187.845)

[node name="FireSoul" parent="MainAct/Cave/Cage" instance=ExtResource("34_qx5mi")]

[node name="Rings8" type="Node3D" parent="MainAct/Cave"]
transform = Transform3D(0.110584, -0.15616, 0.981522, -2.32831e-10, 0.987579, 0.157124, -0.993867, -0.0173754, 0.109211, -39.8285, -0.0296783, -183.985)
script = ExtResource("13_ymm10")
Generate = false
Source = ExtResource("14_2lsue")
Amount = 10
Shape = 0
Orientation = 0
Spacing = 1.8
"Horizontal Offset" = SubResource("Curve_wy8h4")
"Vertical Offset" = null

[node name="Child01" parent="MainAct/Cave/Rings8" instance=ExtResource("14_2lsue")]
transform = Transform3D(1, 0, 0, 0, 1, 0, 0, 0, 1, 1.95, 0, 0)

[node name="Child02" parent="MainAct/Cave/Rings8" instance=ExtResource("14_2lsue")]
transform = Transform3D(1, 0, 0, 0, 1, 0, 0, 0, 1, 1.1248, 0, -1.8)

[node name="Child03" parent="MainAct/Cave/Rings8" instance=ExtResource("14_2lsue")]
transform = Transform3D(1, 0, 0, 0, 1, 0, 0, 0, 1, 0.554099, 0, -3.6)

[node name="Child04" parent="MainAct/Cave/Rings8" instance=ExtResource("14_2lsue")]
transform = Transform3D(1, 0, 0, 0, 1, 0, 0, 0, 1, 0.201554, 0, -5.4)

[node name="Child05" parent="MainAct/Cave/Rings8" instance=ExtResource("14_2lsue")]
transform = Transform3D(1, 0, 0, 0, 1, 0, 0, 0, 1, 0.0308135, 0, -7.2)

[node name="Child06" parent="MainAct/Cave/Rings8" instance=ExtResource("14_2lsue")]
transform = Transform3D(1, 0, 0, 0, 1, 0, 0, 0, 1, 0.00537944, 0, -9)

[node name="Child07" parent="MainAct/Cave/Rings8" instance=ExtResource("14_2lsue")]
transform = Transform3D(1, 0, 0, 0, 1, 0, 0, 0, 1, 0.117711, 0, -10.8)

[node name="Child08" parent="MainAct/Cave/Rings8" instance=ExtResource("14_2lsue")]
transform = Transform3D(1, 0, 0, 0, 1, 0, 0, 0, 1, 0.430901, 0, -12.6)

[node name="Child09" parent="MainAct/Cave/Rings8" instance=ExtResource("14_2lsue")]
transform = Transform3D(1, 0, 0, 0, 1, 0, 0, 0, 1, 1.01749, 0, -14.4)

[node name="Child10" parent="MainAct/Cave/Rings8" instance=ExtResource("14_2lsue")]
transform = Transform3D(1, 0, 0, 0, 1, 0, 0, 0, 1, 1.95, 0, -16.2)

[node name="Spiral" type="Node3D" parent="MainAct"]
transform = Transform3D(1, 0, 0, 0, 1, 0, 0, 0, 1, -439.2, -220.4, -848)
script = ExtResource("10_tx4o8")
startEnabled = true
saveVisibilityOnCheckpoint = true

[node name="JumpPanel" parent="MainAct/Spiral" instance=ExtResource("35_bnpic")]
transform = Transform3D(-0.995174, 0, 0.0981213, 0, 1, 0, -0.0981213, 0, -0.995174, -1.67188, 0.502579, 2.33105)
"Secondary Settings/Enabled" = false
middleHeight = 3.54
finalHeight = -46.78
distance = 71.645

[node name="JumpTrigger" parent="MainAct/Spiral" instance=ExtResource("4_8l10n")]
transform = Transform3D(-0.929841, 0, 0.367963, 0, 1, 0, -0.367963, 0, -0.929841, 0.393402, 4.91335, 3.09723)
"Enter Mode" = 0

[node name="LandJump" type="Node3D" parent="MainAct/Spiral/JumpTrigger"]
transform = Transform3D(0.984807, 0, 0.173648, 0, 1, 0, -0.173648, 0, 0.984807, 2.54388, -5.79996, 8.41644)
script = ExtResource("24_2wsqy")
jumpHeight = 5.0
autoAlign = true

[node name="CollisionShape3D" type="CollisionShape3D" parent="MainAct/Spiral/JumpTrigger"]
transform = Transform3D(1, 0, 0, 0, 1, 0, 0, 0, 1, -0.277832, 0, 1.01483)
shape = SubResource("SphereShape3D_s5d1g")

[node name="SpiralAutomationTrigger" parent="MainAct/Spiral" instance=ExtResource("26_bgqbi")]
transform = Transform3D(-0.979611, 0, 0.200907, 0, 1, 0, -0.200907, 0, -0.979611, 1.12494, -0.886612, -5.66479)
endPoint = 365.0
ignoreDirection = true

[node name="Path" type="Node3D" parent="MainAct/Spiral/SpiralAutomationTrigger" node_paths=PackedStringArray("path")]
transform = Transform3D(1, 0, 1.49012e-08, 0, 1, 0, -1.49012e-08, 0, 1, 0, 0, 0)
script = ExtResource("18_klrop")
path = NodePath("../../../../Static/Path/SpiralAutomationPath")

[node name="CollisionShape3D" type="CollisionShape3D" parent="MainAct/Spiral/SpiralAutomationTrigger"]
shape = SubResource("SphereShape3D_s5d1g")

[node name="Pearls1" type="Node3D" parent="MainAct/Spiral"]
transform = Transform3D(0.819152, 0, 0.573576, 0, 1, 0, -0.573576, 0, 0.819152, 1.09097, -2.15932, -17.4142)
script = ExtResource("13_ymm10")
Generate = false
Source = ExtResource("16_rxraj")
Amount = 10
Shape = 2
Path = NodePath("../../../Static/Path/RiverPath")
"Path Progress Offset" = -4.0
"Disable Path Y" = false
Spacing = 1.0
"Horizontal Offset" = SubResource("Curve_7fkq0")
"Vertical Offset" = SubResource("Curve_b06j3")

[node name="Child01" parent="MainAct/Spiral/Pearls1" instance=ExtResource("16_rxraj")]
transform = Transform3D(1, 0, 0, 0, 1, 0, 0, 0, 1, -0.0659485, 0.473267, 1.05243)

[node name="Child02" parent="MainAct/Spiral/Pearls1" instance=ExtResource("16_rxraj")]
transform = Transform3D(1, 0, 0, 0, 1, 0, 0, 0, 1, -0.0777893, 0.347626, 0.00585938)

[node name="Child03" parent="MainAct/Spiral/Pearls1" instance=ExtResource("16_rxraj")]
transform = Transform3D(1, 0, 0, 0, 1, 0, 0, 0, 1, -0.269867, 0.222397, -1.02069)

[node name="Child04" parent="MainAct/Spiral/Pearls1" instance=ExtResource("16_rxraj")]
transform = Transform3D(1, 0, 0, 0, 1, 0, 0, 0, 1, -0.618134, 0.0988312, -1.9967)

[node name="Child05" parent="MainAct/Spiral/Pearls1" instance=ExtResource("16_rxraj")]
transform = Transform3D(1, 0, 0, 0, 1, 0, 0, 0, 1, -1.08487, -0.0231018, -2.91193)

[node name="Child06" parent="MainAct/Spiral/Pearls1" instance=ExtResource("16_rxraj")]
transform = Transform3D(1, 0, 0, 0, 1, 0, 0, 0, 1, -1.6734, -0.149841, -3.79999)

[node name="Child07" parent="MainAct/Spiral/Pearls1" instance=ExtResource("16_rxraj")]
transform = Transform3D(1, 0, 0, 0, 1, 0, 0, 0, 1, -2.418, -0.27124, -4.50281)

[node name="Child08" parent="MainAct/Spiral/Pearls1" instance=ExtResource("16_rxraj")]
transform = Transform3D(1, 0, 0, 0, 1, 0, 0, 0, 1, -3.23566, -0.393723, -5.13037)

[node name="Child09" parent="MainAct/Spiral/Pearls1" instance=ExtResource("16_rxraj")]
transform = Transform3D(1, 0, 0, 0, 1, 0, 0, 0, 1, -4.13721, -0.517914, -5.64783)

[node name="Child10" parent="MainAct/Spiral/Pearls1" instance=ExtResource("16_rxraj")]
transform = Transform3D(1, 0, 0, 0, 1, 0, 0, 0, 1, -5.11575, -0.643646, -6.01581)

[node name="Pearls2" type="Node3D" parent="MainAct/Spiral"]
transform = Transform3D(0.819152, 0, 0.573576, 0, 1, 0, -0.573576, 0, 0.819152, 1.09097, -7.15932, -17.4142)
script = ExtResource("13_ymm10")
Generate = false
Source = ExtResource("16_rxraj")
Amount = 10
Shape = 2
Path = NodePath("../../../Static/Path/RiverPath")
"Path Progress Offset" = -4.0
"Disable Path Y" = false
Spacing = 1.0
"Horizontal Offset" = SubResource("Curve_7fkq0")
"Vertical Offset" = SubResource("Curve_b06j3")

[node name="Child01" parent="MainAct/Spiral/Pearls2" instance=ExtResource("16_rxraj")]
transform = Transform3D(1, 0, 0, 0, 1, 0, 0, 0, 1, -0.0659485, 0.473267, 1.05243)

[node name="Child02" parent="MainAct/Spiral/Pearls2" instance=ExtResource("16_rxraj")]
transform = Transform3D(1, 0, 0, 0, 1, 0, 0, 0, 1, -0.0777893, 0.347626, 0.00585938)

[node name="Child03" parent="MainAct/Spiral/Pearls2" instance=ExtResource("16_rxraj")]
transform = Transform3D(1, 0, 0, 0, 1, 0, 0, 0, 1, -0.269867, 0.222397, -1.02069)

[node name="Child04" parent="MainAct/Spiral/Pearls2" instance=ExtResource("16_rxraj")]
transform = Transform3D(1, 0, 0, 0, 1, 0, 0, 0, 1, -0.618134, 0.0988312, -1.9967)

[node name="Child05" parent="MainAct/Spiral/Pearls2" instance=ExtResource("16_rxraj")]
transform = Transform3D(1, 0, 0, 0, 1, 0, 0, 0, 1, -1.08487, -0.0231018, -2.91193)

[node name="Child06" parent="MainAct/Spiral/Pearls2" instance=ExtResource("16_rxraj")]
transform = Transform3D(1, 0, 0, 0, 1, 0, 0, 0, 1, -1.6734, -0.149841, -3.79999)

[node name="Child07" parent="MainAct/Spiral/Pearls2" instance=ExtResource("16_rxraj")]
transform = Transform3D(1, 0, 0, 0, 1, 0, 0, 0, 1, -2.418, -0.27124, -4.50281)

[node name="Child08" parent="MainAct/Spiral/Pearls2" instance=ExtResource("16_rxraj")]
transform = Transform3D(1, 0, 0, 0, 1, 0, 0, 0, 1, -3.23566, -0.393723, -5.13037)

[node name="Child09" parent="MainAct/Spiral/Pearls2" instance=ExtResource("16_rxraj")]
