[gd_scene load_steps=8 format=3 uid="uid://73anx5oj2sbq"]

[ext_resource type="PackedScene" uid="uid://cjupypih0myxo" path="res://object/player/CharacterSpawn.tscn" id="2_evume"]
[ext_resource type="Resource" uid="uid://cmheyow2wihdv" path="res://resource/level data/sand oasis/Act3Ring.tres" id="2_lq4al"]
[ext_resource type="Script" path="res://object/trigger/modules/CullingTrigger.cs" id="4_m5jbi"]
[ext_resource type="PackedScene" uid="uid://7kcasi6v1odv" path="res://area/1 sand oasis/act 3/Static.tscn" id="5_pjioi"]
[ext_resource type="PackedScene" uid="uid://bn6wr6l8s3qyt" path="res://object/trigger/StageTrigger.tscn" id="19_u6uco"]
[ext_resource type="Script" path="res://object/trigger/modules/ItemCycleTrigger.cs" id="20_t2x05"]

[sub_resource type="BoxShape3D" id="BoxShape3D_wbgfo"]
size = Vector3(15, 20, 2.5)

[node name="Stage" type="Node"]

[node name="Static" parent="." instance=ExtResource("5_pjioi")]
Data = ExtResource("2_lq4al")

[node name="RingAct" type="Node3D" parent="."]

[node name="SpawnPosition" type="Node3D" parent="RingAct"]
metadata/_edit_lock_ = true

[node name="CharacterSpawn" parent="RingAct/SpawnPosition" instance=ExtResource("2_evume")]

[node name="CullingMap" type="Node3D" parent="RingAct"]
visible = false

[node name="DescentTopL" parent="RingAct/CullingMap" instance=ExtResource("19_u6uco")]
transform = Transform3D(0.933549, 0, 0.358449, 0, 1, 0, -0.358449, 0, 0.933549, 2.50915, 0, 6.53484)
"Trigger Mode" = 2
"Exit Mode" = 2

[node name="CollisionShape3D" type="CollisionShape3D" parent="RingAct/CullingMap/DescentTopL"]
transform = Transform3D(1, 0, 0, 0, 1, 0, 0, 0, 1, 0, 8, 0)
shape = SubResource("BoxShape3D_wbgfo")

[node name="UpperHallU" parent="RingAct/CullingMap" instance=ExtResource("19_u6uco")]
transform = Transform3D(0.933549, 0, 0.358449, 0, 1, 0, -0.358449, 0, 0.933549, 39.4237, -9.87319, 101.621)
"Trigger Mode" = 2
"Exit Mode" = 2

[node name="CollisionShape3D" type="CollisionShape3D" parent="RingAct/CullingMap/UpperHallU"]
transform = Transform3D(1, 0, 0, 0, 1, 0, 0, 0, 1, 0, 8, 0)
shape = SubResource("BoxShape3D_wbgfo")

[node name="DescentBottomL" parent="RingAct/CullingMap" instance=ExtResource("19_u6uco")]
transform = Transform3D(-0.907154, 0, -0.420798, 0, 1, 0, 0.420798, 0, -0.907154, -45.2199, -21.6, 160.9)
"Trigger Mode" = 2
"Exit Mode" = 2

[node name="CollisionShape3D" type="CollisionShape3D" parent="RingAct/CullingMap/DescentBottomL"]
transform = Transform3D(1, 0, 0, 0, 1, 0, 0, 0, 1, 0, 8, 0)
shape = SubResource("BoxShape3D_wbgfo")

[node name="DescentTopU" parent="RingAct/CullingMap" instance=ExtResource("19_u6uco")]
transform = Transform3D(-4.37114e-08, 0, 1, 0, 1, 0, -1, 0, -4.37114e-08, 0.139388, -30, 90.1186)
"Trigger Mode" = 2
"Exit Mode" = 2

[node name="CollisionShape3D" type="CollisionShape3D" parent="RingAct/CullingMap/DescentTopU"]
transform = Transform3D(1, 0, 0, 0, 1, 0, 0, 0, 1, 0, 8, 0)
shape = SubResource("BoxShape3D_wbgfo")

[node name="LowerHallL" parent="RingAct/CullingMap" instance=ExtResource("19_u6uco")]
transform = Transform3D(-0.410226, 0, -0.911984, 0, 1, 0, 0.911984, 0, -0.410226, -20.3303, -45.1, 185.538)
"Trigger Mode" = 2
"Exit Mode" = 2

[node name="CollisionShape3D" type="CollisionShape3D" parent="RingAct/CullingMap/LowerHallL"]
transform = Transform3D(1, 0, 0, 0, 1, 0, 0, 0, 1, 0, 8, 0)
shape = SubResource("BoxShape3D_wbgfo")

[node name="DescentBottomU" parent="RingAct/CullingMap" instance=ExtResource("19_u6uco")]
transform = Transform3D(-0.93477, 0, 0.355254, 0, 1, 0, -0.355254, 0, -0.93477, -33.8835, -50, 86.8478)
"Trigger Mode" = 2
"Exit Mode" = 2

[node name="CollisionShape3D" type="CollisionShape3D" parent="RingAct/CullingMap/DescentBottomU"]
transform = Transform3D(1, 0, 0, 0, 1, 0, 0, 0, 1, 0, 8, 0)
shape = SubResource("BoxShape3D_wbgfo")

[node name="AscentBottomL" parent="RingAct/CullingMap" instance=ExtResource("19_u6uco")]
transform = Transform3D(-0.93477, 0, 0.355254, 0, 1, 0, -0.355254, 0, -0.93477, 21.8725, -50, -55.6391)
"Trigger Mode" = 2
"Exit Mode" = 2

[node name="CollisionShape3D" type="CollisionShape3D" parent="RingAct/CullingMap/AscentBottomL"]
transform = Transform3D(1, 0, 0, 0, 1, 0, 0, 0, 1, 0, 8, 0)
shape = SubResource("BoxShape3D_wbgfo")

[node name="LowerHallU" parent="RingAct/CullingMap" instance=ExtResource("19_u6uco")]
transform = Transform3D(-0.410226, 0, -0.911984, 0, 1, 0, 0.911984, 0, -0.410226, 20.4321, -45.1, -185.765)
"Trigger Mode" = 2
"Exit Mode" = 2

[node name="CollisionShape3D" type="CollisionShape3D" parent="RingAct/CullingMap/LowerHallU"]
transform = Transform3D(1, 0, 0, 0, 1, 0, 0, 0, 1, 0, 8, 0)
shape = SubResource("BoxShape3D_wbgfo")

[node name="AscentTopL" parent="RingAct/CullingMap" instance=ExtResource("19_u6uco")]
transform = Transform3D(0.257251, 0, 0.966345, 0, 1, 0, -0.966345, 0, 0.257251, -13.5611, -31.1, -91.9826)
"Trigger Mode" = 2
"Exit Mode" = 2

[node name="CollisionShape3D" type="CollisionShape3D" parent="RingAct/CullingMap/AscentTopL"]
transform = Transform3D(1, 0, 0, 0, 1, 0, 0, 0, 1, 0, 8, 0)
shape = SubResource("BoxShape3D_wbgfo")

[node name="AscentBottomU" parent="RingAct/CullingMap" instance=ExtResource("19_u6uco")]
transform = Transform3D(-1, 0, -8.74228e-08, 0, 1, 0, 8.74228e-08, 0, -1, 49.9177, -23.3814, -139.312)
"Trigger Mode" = 2
"Exit Mode" = 2

[node name="CollisionShape3D" type="CollisionShape3D" parent="RingAct/CullingMap/AscentBottomU"]
transform = Transform3D(1, 0, 0, 0, 1, 0, 0, 0, 1, 0, 8, 0)
shape = SubResource("BoxShape3D_wbgfo")

[node name="UpperHallL" parent="RingAct/CullingMap" instance=ExtResource("19_u6uco")]
transform = Transform3D(1.31134e-07, 0, -1, 0, 1, 0, 1, 0, 1.31134e-07, -1.0823, -16.5814, -189.812)
"Trigger Mode" = 2
"Exit Mode" = 2

[node name="CollisionShape3D" type="CollisionShape3D" parent="RingAct/CullingMap/UpperHallL"]
transform = Transform3D(1, 0, 0, 0, 1, 0, 0, 0, 1, 0, 8, 0)
shape = SubResource("BoxShape3D_wbgfo")

[node name="AscentTopU" parent="RingAct/CullingMap" instance=ExtResource("19_u6uco")]
transform = Transform3D(0.932261, 0, 0.361787, 0, 1, 0, -0.361787, 0, 0.932261, -12.9885, 0, -33.4141)
"Trigger Mode" = 2
"Exit Mode" = 2

[node name="CollisionShape3D" type="CollisionShape3D" parent="RingAct/CullingMap/AscentTopU"]
transform = Transform3D(1, 0, 0, 0, 1, 0, 0, 0, 1, 0, 8, 0)
shape = SubResource("BoxShape3D_wbgfo")

[node name="Lap01" type="Node3D" parent="RingAct"]
script = ExtResource("4_m5jbi")
startEnabled = true
saveVisibilityOnCheckpoint = true

[node name="DescentTop" type="Node3D" parent="RingAct/Lap01"]
transform = Transform3D(0.931692, 0, 0.363251, 0, 1, 0, -0.363251, 0, 0.931692, 43.986, -10.029, 113.33)
script = ExtResource("4_m5jbi")
startEnabled = true
saveVisibilityOnCheckpoint = true

[node name="DescentBottom" type="Node3D" parent="RingAct/Lap01"]
transform = Transform3D(-0.395658, 4.02262e-11, 0.918398, 3.29245e-09, 1, 1.37463e-09, -0.918398, 3.56767e-09, -0.395658, -22.2946, -28.0261, 95.5331)
script = ExtResource("4_m5jbi")
saveVisibilityOnCheckpoint = true

[node name="LowerHall" type="Node3D" parent="RingAct/Lap01"]
transform = Transform3D(-0.932324, -1.11022e-16, 0.361625, 1.11022e-16, 1, -1.11022e-16, -0.361625, 0, -0.932324, -41.0216, -50.0001, 105.663)
script = ExtResource("4_m5jbi")
saveVisibilityOnCheckpoint = true

[node name="AscentBottom" type="Node3D" parent="RingAct/Lap01"]
transform = Transform3D(-0.9349, -1.11022e-16, 0.354911, 0, 1, -3.33067e-16, -0.354911, 0, -0.9349, 43.6927, -50, -112.669)
script = ExtResource("4_m5jbi")
saveVisibilityOnCheckpoint = true

[node name="AscentTop" type="Node3D" parent="RingAct/Lap01"]
transform = Transform3D(-0.827081, -1.11022e-16, 0.562084, 1.11022e-16, 1, 2.22045e-16, -0.562084, 0, -0.827082, 41.3489, -25.8326, -111.892)
script = ExtResource("4_m5jbi")
saveVisibilityOnCheckpoint = true

[node name="UpperHall" type="Node3D" parent="RingAct/Lap01"]
transform = Transform3D(0.932325, -1.11022e-16, 0.361625, 1.73472e-17, 1, -2.22045e-16, -0.361625, 0, 0.932324, -34.8011, -9.24389, -89.8716)
script = ExtResource("4_m5jbi")
startEnabled = true
saveVisibilityOnCheckpoint = true

[node name="Lap02" type="Node3D" parent="RingAct"]
visible = false
script = ExtResource("4_m5jbi")
saveVisibilityOnCheckpoint = true

[node name="DescentTop" type="Node3D" parent="RingAct/Lap02"]
transform = Transform3D(0.931692, 0, 0.363251, 0, 1, 0, -0.363251, 0, 0.931692, 43.986, -10.029, 113.33)
script = ExtResource("4_m5jbi")
startEnabled = true
saveVisibilityOnCheckpoint = true

[node name="DescentBottom" type="Node3D" parent="RingAct/Lap02"]
transform = Transform3D(-0.395658, 4.02262e-11, 0.918398, 3.29245e-09, 1, 1.37463e-09, -0.918398, 3.56767e-09, -0.395658, -22.2946, -28.0261, 95.5331)
script = ExtResource("4_m5jbi")
saveVisibilityOnCheckpoint = true

[node name="LowerHall" type="Node3D" parent="RingAct/Lap02"]
transform = Transform3D(-0.932324, -1.11022e-16, 0.361625, 1.11022e-16, 1, -1.11022e-16, -0.361625, 0, -0.932324, -41.0216, -50.0001, 105.663)
script = ExtResource("4_m5jbi")
saveVisibilityOnCheckpoint = true

[node name="AscentBottom" type="Node3D" parent="RingAct/Lap02"]
transform = Transform3D(-0.9349, -1.11022e-16, 0.354911, 0, 1, -3.33067e-16, -0.354911, 0, -0.9349, 43.6927, -50, -112.669)
script = ExtResource("4_m5jbi")
saveVisibilityOnCheckpoint = true

[node name="AscentTop" type="Node3D" parent="RingAct/Lap02"]
transform = Transform3D(-0.827081, -1.11022e-16, 0.562084, 1.11022e-16, 1, 2.22045e-16, -0.562084, 0, -0.827082, 41.3489, -25.8326, -111.892)
script = ExtResource("4_m5jbi")
saveVisibilityOnCheckpoint = true

[node name="UpperHall" type="Node3D" parent="RingAct/Lap02"]
transform = Transform3D(0.932325, -1.11022e-16, 0.361625, 1.73472e-17, 1, -2.22045e-16, -0.361625, 0, 0.932324, -34.8011, -9.24389, -89.8716)
script = ExtResource("4_m5jbi")
startEnabled = true
saveVisibilityOnCheckpoint = true

[node name="Lap03" type="Node3D" parent="RingAct"]
visible = false
script = ExtResource("4_m5jbi")
saveVisibilityOnCheckpoint = true

[node name="DescentTop" type="Node3D" parent="RingAct/Lap03"]
transform = Transform3D(0.931692, 0, 0.363251, 0, 1, 0, -0.363251, 0, 0.931692, 43.986, -10.029, 113.33)
script = ExtResource("4_m5jbi")
startEnabled = true
saveVisibilityOnCheckpoint = true

[node name="DescentBottom" type="Node3D" parent="RingAct/Lap03"]
transform = Transform3D(-0.395658, 4.02262e-11, 0.918398, 3.29245e-09, 1, 1.37463e-09, -0.918398, 3.56767e-09, -0.395658, -22.2946, -28.0261, 95.5331)
script = ExtResource("4_m5jbi")
saveVisibilityOnCheckpoint = true

[node name="LowerHall" type="Node3D" parent="RingAct/Lap03"]
transform = Transform3D(-0.932324, -1.11022e-16, 0.361625, 1.11022e-16, 1, -1.11022e-16, -0.361625, 0, -0.932324, -41.0216, -50.0001, 105.663)
script = ExtResource("4_m5jbi")
saveVisibilityOnCheckpoint = true

[node name="AscentBottom" type="Node3D" parent="RingAct/Lap03"]
transform = Transform3D(-0.9349, -1.11022e-16, 0.354911, 0, 1, -3.33067e-16, -0.354911, 0, -0.9349, 43.6927, -50, -112.669)
script = ExtResource("4_m5jbi")
saveVisibilityOnCheckpoint = true

[node name="AscentTop" type="Node3D" parent="RingAct/Lap03"]
transform = Transform3D(-0.827081, -1.11022e-16, 0.562084, 1.11022e-16, 1, 2.22045e-16, -0.562084, 0, -0.827082, 41.3489, -25.8326, -111.892)
script = ExtResource("4_m5jbi")
saveVisibilityOnCheckpoint = true

[node name="UpperHall" type="Node3D" parent="RingAct/Lap03"]
transform = Transform3D(0.932325, -1.11022e-16, 0.361625, 1.73472e-17, 1, -2.22045e-16, -0.361625, 0, 0.932324, -34.8011, -9.24389, -89.8716)
script = ExtResource("4_m5jbi")
startEnabled = true
saveVisibilityOnCheckpoint = true

[node name="LapCycle" parent="RingAct" instance=ExtResource("19_u6uco")]
transform = Transform3D(0.93358, 0, 0.358368, 0, 1, 0, -0.358368, 0, 0.93358, 5.109, 0, 13.219)

[node name="Cycle" type="Node3D" parent="RingAct/LapCycle" node_paths=PackedStringArray("checkpointTrigger")]
script = ExtResource("20_t2x05")
checkpointTrigger = NodePath("../Checkpoint")
itemCycles = [NodePath("../../Lap01"), NodePath("../../Lap02"), NodePath("../../Lap03")]

[node name="CollisionShape3D" type="CollisionShape3D" parent="RingAct/LapCycle"]
transform = Transform3D(1, 0, 0, 0, 1, 0, 0, 0, 1, 0, 8, 0)
shape = SubResource("BoxShape3D_wbgfo")

[node name="Checkpoint" type="Area3D" parent="RingAct/LapCycle"]
transform = Transform3D(-0.740523, 0, 0.672031, 0, 1, 0, -0.672031, 0, -0.740523, -8.40966, -50, -4.96902)
collision_layer = 0
collision_mask = 2
monitorable = false

[node name="CollisionShape3D" type="CollisionShape3D" parent="RingAct/LapCycle/Checkpoint"]
transform = Transform3D(1, 0, 0, 0, 1, 0, 0, 0, 1, 0, 8, 0)
shape = SubResource("BoxShape3D_wbgfo")

[connection signal="Activated" from="RingAct/CullingMap/DescentTopL" to="RingAct/Lap01/DescentTop" method="Activate"]
[connection signal="Deactivated" from="RingAct/CullingMap/DescentTopL" to="RingAct/Lap01/DescentTop" method="Deactivate"]
[connection signal="Activated" from="RingAct/CullingMap/UpperHallU" to="RingAct/Lap01/UpperHall" method="Deactivate"]
[connection signal="Deactivated" from="RingAct/CullingMap/UpperHallU" to="RingAct/Lap01/UpperHall" method="Activate"]
[connection signal="Activated" from="RingAct/CullingMap/DescentBottomL" to="RingAct/Lap01/DescentBottom" method="Activate"]
[connection signal="Deactivated" from="RingAct/CullingMap/DescentBottomL" to="RingAct/Lap01/DescentBottom" method="Deactivate"]
[connection signal="Activated" from="RingAct/CullingMap/DescentTopU" to="RingAct/Lap01/DescentTop" method="Deactivate"]
[connection signal="Deactivated" from="RingAct/CullingMap/DescentTopU" to="RingAct/Lap01/DescentTop" method="Activate"]
[connection signal="Activated" from="RingAct/CullingMap/LowerHallL" to="RingAct/Lap01/LowerHall" method="Activate"]
[connection signal="Deactivated" from="RingAct/CullingMap/LowerHallL" to="RingAct/Lap01/LowerHall" method="Deactivate"]
[connection signal="Activated" from="RingAct/CullingMap/DescentBottomU" to="RingAct/Lap01/DescentBottom" method="Deactivate"]
[connection signal="Deactivated" from="RingAct/CullingMap/DescentBottomU" to="RingAct/Lap01/DescentBottom" method="Activate"]
[connection signal="Activated" from="RingAct/CullingMap/AscentBottomL" to="RingAct/Lap01/AscentBottom" method="Activate"]
[connection signal="Deactivated" from="RingAct/CullingMap/AscentBottomL" to="RingAct/Lap01/AscentBottom" method="Deactivate"]
[connection signal="Activated" from="RingAct/CullingMap/LowerHallU" to="RingAct/Lap01/LowerHall" method="Deactivate"]
[connection signal="Deactivated" from="RingAct/CullingMap/LowerHallU" to="RingAct/Lap01/LowerHall" method="Activate"]
[connection signal="Activated" from="RingAct/CullingMap/AscentTopL" to="RingAct/Lap01/AscentTop" method="Activate"]
[connection signal="Deactivated" from="RingAct/CullingMap/AscentTopL" to="RingAct/Lap01/AscentTop" method="Deactivate"]
[connection signal="Activated" from="RingAct/CullingMap/AscentBottomU" to="RingAct/Lap01/AscentBottom" method="Deactivate"]
[connection signal="Deactivated" from="RingAct/CullingMap/AscentBottomU" to="RingAct/Lap01/AscentBottom" method="Activate"]
[connection signal="Activated" from="RingAct/CullingMap/UpperHallL" to="RingAct/Lap01/UpperHall" method="Activate"]
[connection signal="Deactivated" from="RingAct/CullingMap/UpperHallL" to="RingAct/Lap01/UpperHall" method="Deactivate"]
[connection signal="Activated" from="RingAct/CullingMap/AscentTopU" to="RingAct/Lap01/AscentTop" method="Deactivate"]
[connection signal="Deactivated" from="RingAct/CullingMap/AscentTopU" to="RingAct/Lap01/AscentTop" method="Activate"]
