[gd_scene load_steps=35 format=3 uid="uid://cbrw6aeeor4hq"]

[ext_resource type="PackedScene" uid="uid://r2f87qdkkpvm" path="res://area/2 dino jungle/act 2/Static.tscn" id="1_6r12d"]
[ext_resource type="Resource" uid="uid://dkgpftu1txklj" path="res://resource/level data/dinosaur jungle/Act2Race.tres" id="2_y2pgt"]
[ext_resource type="PackedScene" uid="uid://cjupypih0myxo" path="res://object/player/CharacterSpawn.tscn" id="3_imayy"]
[ext_resource type="Curve3D" uid="uid://5t8w4w4i7pq1" path="res://area/2 dino jungle/act 1/environment/path/UhuPath.tres" id="4_gx7mf"]
[ext_resource type="PackedScene" uid="uid://dc1ik7p6xlh0a" path="res://object/stage/genie/Uhu.tscn" id="5_4bfsr"]
[ext_resource type="PackedScene" uid="uid://bn6wr6l8s3qyt" path="res://object/trigger/StageTrigger.tscn" id="6_5af2e"]
[ext_resource type="Script" path="res://object/trigger/modules/CullingTrigger.cs" id="7_108tb"]
[ext_resource type="Script" path="res://addons/custom_nodes/script/ObjectGenerator.cs" id="8_0fm25"]
[ext_resource type="PackedScene" uid="uid://c7l8mr7ubn848" path="res://object/stage/pickups/Ring.tscn" id="9_31ueb"]
[ext_resource type="PackedScene" uid="uid://c85xw5ix60fe8" path="res://object/stage/common/Switch.tscn" id="10_7dnlw"]
[ext_resource type="PackedScene" uid="uid://8imymng7so3h" path="res://object/enemy/majin/data/dino jungle/BlueMajin.tscn" id="11_4r3pe"]
[ext_resource type="PackedScene" uid="uid://dhb5ti1oiktuk" path="res://area/2 dino jungle/object/Cactus.tscn" id="12_6n8yc"]
[ext_resource type="PackedScene" uid="uid://bhnh1as6xgpiy" path="res://object/stage/common/DashPanel.tscn" id="13_hotyw"]
[ext_resource type="PackedScene" uid="uid://bqvtcp8tkbfyt" path="res://object/stage/common/SpikeBall.tscn" id="14_78apk"]
[ext_resource type="PackedScene" uid="uid://dermptym044v8" path="res://object/enemy/majin/data/dino jungle/RedMajin.tscn" id="15_bfnoh"]
[ext_resource type="PackedScene" uid="uid://b0uekqdfkbg6h" path="res://object/stage/common/ItemBox.tscn" id="16_ejv7s"]
[ext_resource type="PackedScene" uid="uid://cnwhks8ciopdd" path="res://area/2 dino jungle/object/rock/WhiteRock.tscn" id="17_w788c"]
[ext_resource type="Script" path="res://object/trigger/modules/CameraTrigger.cs" id="18_gug46"]
[ext_resource type="Resource" uid="uid://8acd6iahw45g" path="res://area/2 dino jungle/act 1/camera/WhiteRockRaceAct2Cam.tres" id="19_je2in"]
[ext_resource type="Resource" uid="uid://laia1jtqoimd" path="res://area/2 dino jungle/act 2/camera/stealth/CavernEntranceCam.tres" id="20_rgpis"]
[ext_resource type="PackedScene" uid="uid://dj1cswbo7iqnb" path="res://area/2 dino jungle/object/platform/LotusPlatform.tscn" id="21_h40di"]
[ext_resource type="Script" path="res://object/trigger/modules/JumpTrigger.cs" id="22_jg2pk"]
[ext_resource type="Script" path="res://object/trigger/modules/PathTrigger.cs" id="23_ycxem"]
[ext_resource type="PackedScene" uid="uid://cclwh52o4uphx" path="res://object/stage/common/InvisibleGrindrail.tscn" id="24_mmvcw"]
[ext_resource type="PackedScene" uid="uid://dxepb172kmp8n" path="res://object/stage/common/Goal.tscn" id="25_45yu0"]

[sub_resource type="BoxShape3D" id="BoxShape3D_rsyii"]
size = Vector3(20, 20, 5)

[sub_resource type="Animation" id="Animation_fnix8"]
length = 0.001
tracks/0/type = "value"
tracks/0/imported = false
tracks/0/enabled = true
tracks/0/path = NodePath(".:h_offset")
tracks/0/interp = 1
tracks/0/loop_wrap = true
tracks/0/keys = {
"times": PackedFloat32Array(0),
"transitions": PackedFloat32Array(1),
"update": 0,
"values": [0.0]
}
tracks/1/type = "value"
tracks/1/imported = false
tracks/1/enabled = true
tracks/1/path = NodePath(".:v_offset")
tracks/1/interp = 1
tracks/1/loop_wrap = true
tracks/1/keys = {
"times": PackedFloat32Array(0),
"transitions": PackedFloat32Array(1),
"update": 0,
"values": [0.0]
}
tracks/2/type = "value"
tracks/2/imported = false
tracks/2/enabled = true
tracks/2/path = NodePath(".:progress")
tracks/2/interp = 1
tracks/2/loop_wrap = true
tracks/2/keys = {
"times": PackedFloat32Array(0),
"transitions": PackedFloat32Array(1),
"update": 0,
"values": [0.0]
}

[sub_resource type="Animation" id="Animation_6itjn"]
resource_name = "race"
length = 51.0
step = 0.05
tracks/0/type = "value"
tracks/0/imported = false
tracks/0/enabled = true
tracks/0/path = NodePath(".:h_offset")
tracks/0/interp = 2
tracks/0/loop_wrap = true
tracks/0/keys = {
"times": PackedFloat32Array(0, 10, 10.7, 11.5, 18.4, 19.3, 19.7, 20.3, 20.6, 21, 25.5, 26, 26.6, 27, 28, 28.4, 28.65, 29.1, 29.9, 36.2, 36.8, 38.2, 38.6, 38.9, 39.3, 39.9, 41.1, 43.9, 44.3, 44.65, 45.3, 45.8, 48.2, 48.6, 49, 49.4, 49.8, 50.2, 51),
"transitions": PackedFloat32Array(1e-05, 1, 1, 1e-05, 1, 1, 1, 1, 1, 1e-05, 1, 1, 1, 1, 1, 1, 1, 1, 1e-05, 1, 1e-05, 1, 1e-05, 1, 1, 1, 1e-05, 1, 1e-05, 1, 1e-05, 1, 1e-05, 1, 1e-05, 1, 1e-05, 1, 1),
"update": 0,
"values": [0.0, 0.0, 3.0, 0.0, 0.0, -2.0, 1.0, 2.5, -1.0, 0.0, 0.0, -1.0, -1.0, 1.0, -1.0, 1.5, 0.0, 1.5, 0.0, 0.0, 0.5, 0.5, -0.5, -0.5, -0.7, -0.7, -1.0, -1.0, 1.6, 1.6, -2.4, -2.4, -0.3, -0.3, 0.6, 0.6, -1.5, -1.5, 0.0]
}
tracks/1/type = "value"
tracks/1/imported = false
tracks/1/enabled = true
tracks/1/path = NodePath(".:v_offset")
tracks/1/interp = 1
tracks/1/loop_wrap = true
tracks/1/keys = {
"times": PackedFloat32Array(0, 6.7, 7, 7.1, 7.34, 7.4, 7.8, 7.94, 8, 8.4, 8.9, 10, 10.7, 12, 13.8, 14.5, 29.9, 31, 32.1, 33.2, 34, 34.5, 35.3, 35.8, 36.2, 36.8, 37.3, 37.8, 38.2, 38.6, 38.9, 39.3, 39.9, 40.8, 41.1, 42, 43, 43.4, 43.9, 44.3, 44.65, 45.3, 46, 46.7, 47, 47.5, 48.2, 48.6, 49, 49.4, 49.8, 50.2, 51),
"transitions": PackedFloat32Array(1, 0.5, 2, 0.5, 2, 0.5, 0.8, 2, 0.5, 1, 2, 2, 0.5, 2, 0.5, 1e-05, 0.5, 1.5, 1e-05, 0.5, 1, 2, 1e-05, 0.5, 1, 0.5, 0.5, 0.5, 0.5, 0.5, 0.5, 0.5, 3, 0.5, 0.5, 2, 0.5, 0.5, 1, 0.5, 1, 0.5, 2, 1e-05, 0.5, 0.5, 0.5, 1, 0.5, 1, 0.5, 2, 1),
"update": 0,
"values": [0.0, 0.0, 4.0, 3.0, -1.0, 0.0, 4.0, 2.5, 3.5, 9.0, 10.0, 6.5, 3.0, 15.0, -1.0, 0.0, 0.0, 10.0, -3.0, -3.0, 1.0, 1.5, -2.4, -2.4, 2.0, -1.0, 3.0, -1.0, 3.0, 0.5, 3.5, 3.0, 6.0, 4.0, 4.1, 7.0, 2.0, 0.5, 3.5, 2.0, 5.0, 3.0, 6.0, 2.9, 2.9, 6.0, -1.0, 2.0, -3.5, -0.5, -3.8, -0.8, -3.0]
}
tracks/2/type = "value"
tracks/2/imported = false
tracks/2/enabled = true
tracks/2/path = NodePath(".:progress")
tracks/2/interp = 2
tracks/2/loop_wrap = true
tracks/2/keys = {
"times": PackedFloat32Array(0, 1, 5, 6.5, 7.4, 7.8, 8, 8.02, 8.4, 8.9, 10, 10.7, 12, 13.8, 18.4, 20.6, 21, 22.5, 26, 26.6, 27, 29.1, 29.9, 31, 32.1, 33.2, 34, 35.3, 35.8, 36.2, 36.8, 37.3, 37.8, 38.2, 38.6, 38.9, 39.3, 39.9, 41.1, 42, 43, 43.4, 43.9, 44.3, 44.65, 45.3, 45.7, 47, 48.2, 48.6, 49, 49.4, 49.8, 50.2, 51),
"transitions": PackedFloat32Array(1, 1, 1, 1, 1e-05, 1, 1, 1, 1, 1, 1, 1, 1, 1, 1, 1, 1, 1, 1, 1, 1, 1, 1, 1, 1, 1, 1, 1, 1, 1, 1, 1, 1, 1, 1, 1, 1, 1, 1, 1, 1, 1, 1, 1, 1, 1, 1, 1, 1, 1, 1, 1, 1, 1, 1),
"update": 0,
"values": [0.0, 5.0, 35.0, 54.0, 63.0, 63.0, 69.0, 69.0, 70.0, 72.0, 80.0, 90.0, 100.0, 112.0, 204.0, 245.0, 260.0, 297.0, 372.0, 390.0, 398.0, 447.0, 458.0, 475.0, 480.0, 485.0, 488.0, 500.5, 505.0, 507.0, 521.0, 522.0, 530.0, 531.0, 538.0, 539.0, 545.0, 546.0, 555.5, 558.5, 568.0, 578.0, 580.0, 586.5, 588.0, 600.0, 601.0, 603.0, 618.0, 620.0, 626.0, 628.0, 635.5, 637.0, 650.0]
}
tracks/3/type = "method"
tracks/3/imported = false
tracks/3/enabled = true
tracks/3/path = NodePath(".")
tracks/3/interp = 1
tracks/3/loop_wrap = true
tracks/3/keys = {
"times": PackedFloat32Array(51),
"transitions": PackedFloat32Array(1),
"values": [{
"args": [],
"method": &"FinishRace"
}]
}

[sub_resource type="AnimationLibrary" id="AnimationLibrary_gsdaq"]
_data = {
"RESET": SubResource("Animation_fnix8"),
"race": SubResource("Animation_6itjn")
}

[sub_resource type="BoxShape3D" id="BoxShape3D_mynxt"]
size = Vector3(12, 20, 1)

[sub_resource type="BoxShape3D" id="BoxShape3D_hpf2h"]
size = Vector3(16.8638, 26.19, 22.8381)

[sub_resource type="BoxShape3D" id="BoxShape3D_sb2ww"]
size = Vector3(15, 20, 5)

[sub_resource type="BoxShape3D" id="BoxShape3D_0schr"]
size = Vector3(1, 15.53, 29.065)

[sub_resource type="BoxShape3D" id="BoxShape3D_kplmy"]
size = Vector3(8.535, 9.83, 3.15)

[node name="Stage" type="Node"]

[node name="Static" parent="." instance=ExtResource("1_6r12d")]
Data = ExtResource("2_y2pgt")

[node name="02RiverReverse" parent="Static/Visuals" index="1"]
startEnabled = false

[node name="03Cave" parent="Static/Visuals" index="2"]
startEnabled = false

[node name="03CaveSky" parent="Static/Visuals" index="3"]
startEnabled = false

[node name="05Crossing" parent="Static/Visuals" index="6"]
startEnabled = true

[node name="06CavernEntrance" parent="Static/Visuals" index="7"]
startEnabled = true

[node name="Head" parent="Static/Trigger/Object/Apatos1/ActivateTrigger/EventTrigger" index="1"]
transform = Transform3D(-0.984788, -0.173647, -0.0063563, 0.00640272, 0.000292879, -0.999979, 0.173645, -0.984808, 0.000823389, -4.24603, -18.4884, 3.43817)

[node name="Head" parent="Static/Trigger/Object/Apatos2/Event" index="1"]
transform = Transform3D(0.999979, -9.23872e-07, 0.00640272, 0.00640272, 0.000292879, -0.999979, -9.23872e-07, 1, 0.000292879, 6.10352e-05, 19.7418, 38.5259)

[node name="Skeleton3D" parent="Static/Trigger/Object/DinoParaGroup/DinoPara1/DinoParaRoot" index="0"]
bones/0/rotation = Quaternion(-0.755882, -1.5337e-08, -1.5337e-08, 0.654708)
bones/1/rotation = Quaternion(0.0715426, 2.2151e-11, 2.13815e-08, 0.997438)
bones/3/rotation = Quaternion(0.954904, 1.78626e-08, 4.04656e-08, -0.296914)
bones/4/rotation = Quaternion(-0.285949, -2.46977e-09, -1.37883e-07, 0.958245)
bones/7/rotation = Quaternion(-0.29286, 4.03649e-07, -3.44362e-08, 0.956155)
bones/8/rotation = Quaternion(0.621122, -1.14779e-07, 2.11389e-08, 0.783714)
bones/10/rotation = Quaternion(-0.683858, -1.70603e-08, -6.72718e-08, 0.729616)
bones/11/rotation = Quaternion(0.28767, 3.05702e-07, 3.35709e-08, 0.95773)
bones/12/rotation = Quaternion(-0.683857, -1.3686e-08, 1.85714e-08, 0.729616)
bones/13/rotation = Quaternion(0.287656, 4.25619e-07, 4.84677e-09, 0.957734)
bones/15/rotation = Quaternion(0.939107, -6.78055e-08, 1.76936e-08, 0.343625)
bones/16/rotation = Quaternion(0.941786, 6.88404e-08, 1.2379e-07, 0.336214)

[node name="Head" parent="Static/Trigger/Object/DinoParaGroup/DinoPara1" index="3"]
transform = Transform3D(1, 4.47035e-08, -4.32134e-07, -4.16082e-07, -0.185597, -0.982626, -8.9407e-08, 0.982626, -0.185597, 0.00012207, 6.40689, 8.30835)

[node name="Skeleton3D" parent="Static/Trigger/Object/DinoParaGroup/DinoPara2/DinoParaRoot" index="0"]
bones/0/rotation = Quaternion(-0.755882, -1.5337e-08, -1.5337e-08, 0.654708)
bones/1/rotation = Quaternion(0.0715426, 2.2151e-11, 2.13815e-08, 0.997438)
bones/3/rotation = Quaternion(0.954904, 1.78626e-08, 4.04656e-08, -0.296914)
bones/4/rotation = Quaternion(-0.285949, -2.46977e-09, -1.37883e-07, 0.958245)
bones/7/rotation = Quaternion(-0.29286, 4.03649e-07, -3.44362e-08, 0.956155)
bones/8/rotation = Quaternion(0.621122, -1.14779e-07, 2.11389e-08, 0.783714)
bones/10/rotation = Quaternion(-0.683858, -1.70603e-08, -6.72718e-08, 0.729616)
bones/11/rotation = Quaternion(0.28767, 3.05702e-07, 3.35709e-08, 0.95773)
bones/12/rotation = Quaternion(-0.683857, -1.3686e-08, 1.85714e-08, 0.729616)
bones/13/rotation = Quaternion(0.287656, 4.25619e-07, 4.84677e-09, 0.957734)
bones/15/rotation = Quaternion(0.939107, -6.78055e-08, 1.76936e-08, 0.343625)
bones/16/rotation = Quaternion(0.941786, 6.88404e-08, 1.2379e-07, 0.336214)

[node name="Head" parent="Static/Trigger/Object/DinoParaGroup/DinoPara2" index="3"]
transform = Transform3D(1, 2.98023e-08, -4.24683e-07, -4.16082e-07, -0.185597, -0.982626, -1.19209e-07, 0.982626, -0.185597, 0, 6.40689, 8.30835)

[node name="CavernBoatPathFollower" parent="Static/Path/BoatPath" index="0"]
transform = Transform3D(0.683927, 0, -0.729551, 0, 1, 0, 0.729551, 0, 0.683927, 0, 0, 0)

[node name="DemoCamera" parent="Static" index="7"]
transform = Transform3D(0.258816, 0, 0.965927, 0, 1, 0, -0.965927, 0, 0.258816, -362, -209, -624)

[node name="SpawnPosition" type="Node3D" parent="."]
transform = Transform3D(0.5, 0, 0.866026, 0, 1, 0, -0.866026, 0, 0.5, -360, -255, -966)

[node name="InvisibleWall" type="StaticBody3D" parent="SpawnPosition" groups=["wall"]]
transform = Transform3D(0.84354, 0, 0.537066, 0, 1, 0, -0.537066, 0, 0.84354, -3.47412, 0, -3.49133)

[node name="CollisionShape3D" type="CollisionShape3D" parent="SpawnPosition/InvisibleWall"]
transform = Transform3D(1, 0, 0, 0, 1, 0, 0, 0, 1, 0, 8, 0)
shape = SubResource("BoxShape3D_rsyii")

[node name="CharacterSpawn" parent="SpawnPosition" instance=ExtResource("3_imayy")]
transform = Transform3D(1, 0, -2.98023e-08, 0, 1, 0, 2.98023e-08, 0, 1, 0, 0, 0)

[node name="UhuPath" type="Path3D" parent="."]
transform = Transform3D(1, 0, 0, 0, 1, 0, 0, 0, 1, -361.289, -254.997, -965.51)
curve = ExtResource("4_gx7mf")

[node name="Uhu" parent="UhuPath" node_paths=PackedStringArray("animator") instance=ExtResource("5_4bfsr")]
transform = Transform3D(0.380961, 0, 0.924429, 0, 0.999829, 0, -0.924429, 0, 0.380961, 0, 0, 0)
rotation_mode = 1
animator = NodePath("AnimationPlayer")
maxProgress = 650.0

[node name="AnimationPlayer" type="AnimationPlayer" parent="UhuPath/Uhu"]
libraries = {
"": SubResource("AnimationLibrary_gsdaq")
}

[node name="CullingMap" type="Node3D" parent="."]

[node name="Cavern-L" parent="CullingMap" instance=ExtResource("6_5af2e")]
transform = Transform3D(-0.851982, 0, -0.523569, 0, 1, 0, 0.523569, 0, -0.851982, -299.194, -276.99, -1092.07)
"Trigger Mode" = 2
"Exit Mode" = 2

[node name="CollisionShape3D" type="CollisionShape3D" parent="CullingMap/Cavern-L"]
transform = Transform3D(1, 0, 0, 0, 1, 0, 0, 0, 1, 0, 8, 0)
shape = SubResource("BoxShape3D_mynxt")

[node name="Crossing-U" parent="CullingMap" instance=ExtResource("6_5af2e")]
transform = Transform3D(-0.692357, 0, -0.721555, 0, 1, 0, 0.721555, 0, -0.692357, -507.601, -281.023, -1115.58)
"Trigger Mode" = 2
"Exit Mode" = 2

[node name="CollisionShape3D" type="CollisionShape3D" parent="CullingMap/Crossing-U"]
transform = Transform3D(1, 0, 0, 0, 1, 0, 0, 0, 1, 0, 8, 0)
shape = SubResource("BoxShape3D_mynxt")

[node name="Crossing" type="Node3D" parent="."]
transform = Transform3D(1, 0, 0, 0, 1, 0, 0, 0, 1, -435, -265, -923)
script = ExtResource("7_108tb")
startEnabled = true
saveVisibilityOnCheckpoint = true

[node name="Rings" type="Node3D" parent="Crossing"]
transform = Transform3D(1, 0, 0, 0, 1, 0, 0, 0, 1, 111.518, 1.37781, -28.4001)
script = ExtResource("8_0fm25")
Generate = false
Source = ExtResource("9_31ueb")
Amount = 5
Shape = 2
Path = NodePath("")
"Path Progress Offset" = 0.0
"Disable Path Y" = true
Spacing = 2.0
"Horizontal Offset" = null
"Vertical Offset" = null

[node name="Child01" parent="Crossing/Rings" instance=ExtResource("9_31ueb")]
transform = Transform3D(1, 0, 0, 0, 1, 0, 0, 0, 1, 0.000946045, 0, 0.000183105)

[node name="Child02" parent="Crossing/Rings" instance=ExtResource("9_31ueb")]
transform = Transform3D(1, 0, 0, 0, 1, 0, 0, 0, 1, 1.92523, 0, 0.358459)

[node name="Child03" parent="Crossing/Rings" instance=ExtResource("9_31ueb")]
transform = Transform3D(1, 0, 0, 0, 1, 0, 0, 0, 1, 3.88861, 0, 0.648193)

[node name="Child04" parent="Crossing/Rings" instance=ExtResource("9_31ueb")]
transform = Transform3D(1, 0, 0, 0, 1, 0, 0, 0, 1, 5.86884, 0, 0.846497)

[node name="Child05" parent="Crossing/Rings" instance=ExtResource("9_31ueb")]
transform = Transform3D(1, 0, 0, 0, 1, 0, 0, 0, 1, 7.87082, 0, 0.925781)

[node name="Switch" parent="Crossing" instance=ExtResource("10_7dnlw")]
transform = Transform3D(0.422618, 0, 0.906308, 0, 1, 0, -0.906308, 0, 0.422618, 115.679, -11.8943, -181.42)
toggleMode = true

[node name="BlueMajin2" parent="Crossing" instance=ExtResource("11_4r3pe")]
transform = Transform3D(0.658558, 0, -0.75253, 0, 1, 0, 0.75253, 0, 0.658558, 134.943, 3.61923, -37.7798)

[node name="BlueMajin" parent="Crossing" instance=ExtResource("11_4r3pe")]
transform = Transform3D(0.658558, 0, -0.75253, 0, 1, 0, 0.75253, 0, 0.658558, 131.174, 0, -33.6323)

[node name="Cactus" parent="Crossing" instance=ExtResource("12_6n8yc")]
transform = Transform3D(1, 0, 0, 0, 1, 0, 0, 0, 1, 140.418, 7.89703, -48.3471)

[node name="Cactus2" parent="Crossing" instance=ExtResource("12_6n8yc")]
transform = Transform3D(1, 0, 0, 0, 1, 0, 0, 0, 1, 148.174, 7.89703, -52.7847)

[node name="Cactus3" parent="Crossing" instance=ExtResource("12_6n8yc")]
transform = Transform3D(1, 0, 0, 0, 1, 0, 0, 0, 1, 138.538, -12.0478, -158.831)

[node name="Cactus4" parent="Crossing" instance=ExtResource("12_6n8yc")]
transform = Transform3D(1, 0, 0, 0, 1, 0, 0, 0, 1, 135.943, -12.0478, -165.07)

[node name="Cactus5" parent="Crossing" instance=ExtResource("12_6n8yc")]
transform = Transform3D(1, 0, 0, 0, 1, 0, 0, 0, 1, 129.495, -12.0478, -166.782)

[node name="Cactus6" parent="Crossing" instance=ExtResource("12_6n8yc")]
transform = Transform3D(1, 0, 0, 0, 1, 0, 0, 0, 1, 129.495, -12.0478, -179.648)

[node name="Cactus8" parent="Crossing" instance=ExtResource("12_6n8yc")]
transform = Transform3D(1, 0, 0, 0, 1, 0, 0, 0, 1, 124.067, -12.0478, -177.439)

[node name="Cactus9" parent="Crossing" instance=ExtResource("12_6n8yc")]
transform = Transform3D(1, 0, 0, 0, 1, 0, 0, 0, 1, 124.067, -12.0478, -171.585)

[node name="Cactus7" parent="Crossing" instance=ExtResource("12_6n8yc")]
transform = Transform3D(1, 0, 0, 0, 1, 0, 0, 0, 1, 135.195, -12.0478, -171.833)

[node name="Cactus10" parent="Crossing" instance=ExtResource("12_6n8yc")]
transform = Transform3D(0.881814, 0, -0.471597, 0, 1, 0, 0.471597, 0, 0.881814, -12.5197, -12.0478, -243.129)

[node name="Cactus12" parent="Crossing" instance=ExtResource("12_6n8yc")]
transform = Transform3D(0.881814, 0, -0.471597, 0, 1, 0, 0.471597, 0, 0.881814, -13.1887, -12.0478, -231.137)

[node name="Cactus11" parent="Crossing" instance=ExtResource("12_6n8yc")]
transform = Transform3D(1.5, 0, 0, 0, 1.5, 0, 0, 0, 1.5, -9.34116, -12.0693, -238.098)

[node name="Rings2" type="Node3D" parent="Crossing"]
transform = Transform3D(0.98278, -0.0588189, 0.175168, 0.00419989, 0.954849, 0.297062, -0.184731, -0.291211, 0.938654, 148.199, -4.52087, -112.462)
script = ExtResource("8_0fm25")
Generate = false
Source = ExtResource("9_31ueb")
Amount = 5
Shape = 0
Orientation = 0
Spacing = 2.0
"Horizontal Offset" = null
"Vertical Offset" = null

[node name="Child01" parent="Crossing/Rings2" instance=ExtResource("9_31ueb")]

[node name="Child02" parent="Crossing/Rings2" instance=ExtResource("9_31ueb")]
transform = Transform3D(1, 0, 0, 0, 1, 0, 0, 0, 1, 0, 0, -2)

[node name="Child03" parent="Crossing/Rings2" instance=ExtResource("9_31ueb")]
transform = Transform3D(1, 0, 0, 0, 1, 0, 0, 0, 1, 0, 0, -4)

[node name="Child04" parent="Crossing/Rings2" instance=ExtResource("9_31ueb")]
transform = Transform3D(1, 0, 0, 0, 1, 0, 0, 0, 1, 0, 0, -6)

[node name="Child05" parent="Crossing/Rings2" instance=ExtResource("9_31ueb")]
transform = Transform3D(1, 0, 0, 0, 1, 0, 0, 0, 1, 0, 0, -8)

[node name="DashPanel1" parent="Crossing" instance=ExtResource("13_hotyw")]
transform = Transform3D(-0.341512, 0, -0.939878, 0, 1, 0, 0.939878, 0, -0.341512, 100.911, -11.98, -184.189)
speedRatio = 1.5

[node name="DashPanel2" parent="Crossing" instance=ExtResource("13_hotyw")]
transform = Transform3D(-0.42412, 0, -0.905606, 0, 1, 0, 0.905606, 0, -0.42412, 21.3794, -12.0605, -248.129)
speedRatio = 1.08
length = 0.2

[node name="SpikeBall1" parent="Crossing" instance=ExtResource("14_78apk")]
transform = Transform3D(1, 0, 0, 0, 1, 0, 0, 0, 1, 3.813, -11, -251.982)
Movement/Mode = 0

[node name="SpikeBall2" parent="Crossing" instance=ExtResource("14_78apk")]
transform = Transform3D(1, 0, 0, 0, 1, 0, 0, 0, 1, -4.891, -11, -251.63)
Movement/Mode = 0

[node name="Rings3" type="Node3D" parent="Crossing"]
transform = Transform3D(0.429187, 0.132683, 0.893417, 0.000929959, 0.989086, -0.147338, -0.903215, 0.0640664, 0.424379, 84.136, -7.84201, -191.34)
script = ExtResource("8_0fm25")
Generate = false
Source = ExtResource("9_31ueb")
Amount = 5
Shape = 0
Orientation = 0
Spacing = 2.0
"Horizontal Offset" = null
"Vertical Offset" = null

[node name="Child01" parent="Crossing/Rings3" instance=ExtResource("9_31ueb")]

[node name="Child02" parent="Crossing/Rings3" instance=ExtResource("9_31ueb")]
transform = Transform3D(1, 0, -2.98023e-08, -3.72529e-09, 1, 1.30385e-08, 2.98023e-08, 7.45058e-09, 1, 6.10352e-05, -0.0968323, -2)

[node name="Child03" parent="Crossing/Rings3" instance=ExtResource("9_31ueb")]
transform = Transform3D(1, 0, -5.96046e-08, -7.45058e-09, 1, 2.6077e-08, 5.96046e-08, -9.31323e-09, 1, 6.10352e-05, -0.285004, -4)

[node name="Child04" parent="Crossing/Rings3" instance=ExtResource("9_31ueb")]
transform = Transform3D(1, 0, -5.96046e-08, -7.45058e-09, 1, 2.6077e-08, 5.96046e-08, -9.31323e-09, 1, 6.10352e-05, -0.482513, -6)

[node name="Child05" parent="Crossing/Rings3" instance=ExtResource("9_31ueb")]
transform = Transform3D(1, 0, -2.98023e-08, -3.72529e-09, 1, 1.30385e-08, 2.98023e-08, 7.45058e-09, 1, -6.10352e-05, -0.783508, -8)

[node name="Rings4" type="Node3D" parent="Crossing"]
transform = Transform3D(0.439085, 0.237863, 0.866387, 0.0412291, 0.957967, -0.283901, -0.897499, 0.160377, 0.410822, 67.64, -7.44699, -199.12)
script = ExtResource("8_0fm25")
Generate = false
Source = ExtResource("9_31ueb")
Amount = 5
Shape = 0
Orientation = 0
Spacing = 2.0
"Horizontal Offset" = null
"Vertical Offset" = null

[node name="Child01" parent="Crossing/Rings4" instance=ExtResource("9_31ueb")]

[node name="Child02" parent="Crossing/Rings4" instance=ExtResource("9_31ueb")]
transform = Transform3D(1, 0, 0, 0, 1, 0, 0, 0, 1, 0, 0, -2)

[node name="Child03" parent="Crossing/Rings4" instance=ExtResource("9_31ueb")]
transform = Transform3D(1, 0, 0, 0, 1, 0, 0, 0, 1, 0, 0, -4)

[node name="Child04" parent="Crossing/Rings4" instance=ExtResource("9_31ueb")]
transform = Transform3D(1, 0, 0, 0, 1, 0, 0, 0, 1, 0, 0, -6)

[node name="Child05" parent="Crossing/Rings4" instance=ExtResource("9_31ueb")]
transform = Transform3D(1, 0, 0, 0, 1, 0, 0, 0, 1, 0, 0, -8)

[node name="BlueMajin4" parent="Crossing" instance=ExtResource("11_4r3pe")]
transform = Transform3D(0.292989, 0, 0.956116, 0, 1, 0, -0.956116, 0, 0.292989, 17.0227, 1.7074, -223.032)

[node name="RedMajin" parent="Crossing" instance=ExtResource("15_bfnoh")]
transform = Transform3D(0.410257, 0, 0.91197, 0, 1, 0, -0.91197, 0, 0.410257, 11.6612, 2.064, -224.856)
"Attack Settings/Flame Active Time" = 3.0
"Attack Settings/Flame Inactive Time" = 2.0

[node name="ItemBox" parent="Crossing" instance=ExtResource("16_ejv7s")]
transform = Transform3D(-0.856492, 0, 0.51616, 0, 1, 0, -0.51616, 0, -0.856492, -19.663, -11.593, -223.42)
"Spawn Settings/Spawn Pearls" = true
"Spawn Settings/Amount" = 15

[node name="ItemBox2" parent="Crossing" instance=ExtResource("16_ejv7s")]
transform = Transform3D(-0.856492, 0, 0.51616, 0, 1, 0, -0.51616, 0, -0.856492, -21.159, -11.593, -217.1)
"Spawn Settings/Spawn Pearls" = true
"Spawn Settings/Amount" = 15

[node name="ItemBox3" parent="Crossing" instance=ExtResource("16_ejv7s")]
transform = Transform3D(-0.82099, 0, 0.570943, 0, 1, 0, -0.570943, 0, -0.82099, -29.519, -11.593, -210.52)
"Spawn Settings/Spawn Pearls" = true
"Spawn Settings/Amount" = 15

[node name="WhiteRock" parent="Crossing" instance=ExtResource("17_w788c")]
transform = Transform3D(-0.0135605, 0, 0.999908, 0, 1.35, 0, -0.999908, 0, -0.0135605, -14.502, -2.87399, -214.87)

[node name="WhiteRock2" parent="Crossing" instance=ExtResource("17_w788c")]
transform = Transform3D(-0.437288, 0, 0.899321, 0, 1.35, 0, -0.899321, 0, -0.437288, -8.991, -2.88901, -213.74)

[node name="WhiteRock3" parent="Crossing" instance=ExtResource("17_w788c")]
transform = Transform3D(0.986389, 0, -0.164428, 0, 1.35, 0, 0.164428, 0, 0.986389, -8.754, -2.88901, -217.43)

[node name="WhiteRock5" parent="Crossing" instance=ExtResource("17_w788c")]
transform = Transform3D(0.958135, 0, -0.765831, 0, 0.87, 0, 1.14109, 0, 0.643041, -18.0023, -2.9686, -210.676)

[node name="WhiteRock4" parent="Crossing" instance=ExtResource("17_w788c")]
transform = Transform3D(-0.990051, 0, -0.140711, 0, 1.35, 0, 0.140711, 0, -0.990051, -13.262, -2.88901, -211.48)

[node name="RockCam" parent="Crossing" instance=ExtResource("6_5af2e")]
transform = Transform3D(1, 0, 0, 0, 1, 0, 0, 0, 1, -11.8861, -4.04825, -213.816)
"Trigger Mode" = 2
"Enter Mode" = 0
"Exit Mode" = 0

[node name="Camera" type="Node3D" parent="Crossing/RockCam"]
transform = Transform3D(1, 0, 0, 0, 1, 0, 0, 0, 1, 0, 0, 0.0565186)
script = ExtResource("18_gug46")
transitionTime = 0.3
settings = ExtResource("19_je2in")

[node name="CollisionShape3D" type="CollisionShape3D" parent="Crossing/RockCam"]
transform = Transform3D(-0.76121, 0, 0.648505, 0, 1, 0, -0.648505, 0, -0.76121, 4.586, 10, -2.574)
shape = SubResource("BoxShape3D_hpf2h")

[node name="JumpPanelCamera" parent="Crossing" instance=ExtResource("6_5af2e")]
transform = Transform3D(0.452341, 0, -0.891845, 0, 1, 0, 0.891845, 0, 0.452341, -54.3842, -12.1394, -185.322)
"Enter Mode" = 0

[node name="Camera" type="Node3D" parent="Crossing/JumpPanelCamera"]
transform = Transform3D(1, 0, -2.98023e-08, 0, 1, 0, 2.98023e-08, 0, 1, 0, 0, 0)
script = ExtResource("18_gug46")
settings = ExtResource("20_rgpis")

[node name="CollisionShape3D" type="CollisionShape3D" parent="Crossing/JumpPanelCamera"]
transform = Transform3D(0.984805, 0, 0.173648, 0, 1, 0, -0.173648, 0, 0.984805, -0.317749, 4, -5.89133)
shape = SubResource("BoxShape3D_sb2ww")

[node name="Cavern" type="Node3D" parent="."]
transform = Transform3D(1, 0, 0, 0, 1, 0, 0, 0, 1, -484.8, -275.5, -1110.7)
script = ExtResource("7_108tb")
startEnabled = true
saveVisibilityOnCheckpoint = true

[node name="LotasPlatform" parent="Cavern" instance=ExtResource("21_h40di")]
transform = Transform3D(1.33425, 0, 0, 0, 1.33425, 0, 0, 0, 1.33425, -144.583, -22.3672, 48.5404)

[node name="LotasPlatform8" parent="Cavern" instance=ExtResource("21_h40di")]
transform = Transform3D(2.2, 0, 0, 0, 1.334, 0, 0, 0, 2.2, -2.00406, -22.3672, 2.71558)

[node name="LotasPlatform2" parent="Cavern" instance=ExtResource("21_h40di")]
transform = Transform3D(1.2, 0, 0, 0, 1, 0, 0, 0, 1.2, -20.1794, -17.2605, -2.00903)

[node name="LotasPlatform5" parent="Cavern" instance=ExtResource("21_h40di")]
transform = Transform3D(1.7, 0, 0, 0, 1, 0, 0, 0, 1.7, -69.704, -17.2605, 18.3352)

[node name="LotasPlatform3" parent="Cavern" instance=ExtResource("21_h40di")]
transform = Transform3D(0.801431, 0, -0.598087, 0, 1, 0, 0.598087, 0, 0.801431, -60.1068, -12.5342, -0.306152)

[node name="LotasPlatform6" parent="Cavern" instance=ExtResource("21_h40di")]
transform = Transform3D(1.26872, 0, 0.283453, 0, 0.81, 0, -0.283453, 0, 1.26872, -86.724, -10.6742, 27.0029)

[node name="LotasPlatform7" parent="Cavern" instance=ExtResource("21_h40di")]
transform = Transform3D(0.478815, 0, -1.20861, 0, 1, 0, 1.20861, 0, 0.478815, -101.219, -11.9982, 25.0735)

[node name="LotasPlatform4" parent="Cavern" instance=ExtResource("21_h40di")]
transform = Transform3D(0.344232, 0, 0.722152, 0, 1, 0, -0.722152, 0, 0.344232, -64.769, -10.7861, 6.95874)

[node name="BlueMajin" parent="Cavern" instance=ExtResource("11_4r3pe")]
transform = Transform3D(-0.0546887, 0, 0.998503, 0, 1, 0, -0.998503, 0, -0.0546887, -38.8481, -2.27002, -10.3101)

[node name="BlueMajin2" parent="Cavern" instance=ExtResource("11_4r3pe")]
transform = Transform3D(-0.0546887, 0, 0.998503, 0, 1, 0, -0.998503, 0, -0.0546887, -47.519, -2.27002, -9.83496)

[node name="BlueMajin3" parent="Cavern" instance=ExtResource("11_4r3pe")]
transform = Transform3D(-0.552053, 0, 0.833809, 0, 1, 0, -0.833809, 0, -0.552053, -54.67, -0.905426, -6.88062)

[node name="BlueMajin4" parent="Cavern" instance=ExtResource("11_4r3pe")]
transform = Transform3D(-0.876231, 0, 0.481891, 0, 1, 0, -0.481891, 0, -0.876231, -59.5019, 1.3436, -0.829468)

[node name="JumpTrigger" parent="Cavern" instance=ExtResource("6_5af2e")]
transform = Transform3D(0.843823, 0, 0.536622, 0, 1, 0, -0.536622, 0, 0.843823, 14.1489, -1.22522, -11.9684)

[node name="LandJump" type="Node3D" parent="Cavern/JumpTrigger"]
transform = Transform3D(1, 0, 0, 0, 1, 0, 0, 0, 1, -20.1345, -2.73694, 4.40698)
script = ExtResource("22_jg2pk")
jumpHeight = 6.0

[node name="Path" type="Node3D" parent="Cavern/JumpTrigger/LandJump" node_paths=PackedStringArray("path")]
script = ExtResource("23_ycxem")
path = NodePath("../../../../Static/Path/BoatPath")

[node name="CollisionShape3D" type="CollisionShape3D" parent="Cavern/JumpTrigger"]
transform = Transform3D(1, 0, 0, 0, 1, 0, 0, 0, 1, 0.121704, 0, 0)
shape = SubResource("BoxShape3D_0schr")

[node name="InvisibleGrindrail" parent="Cavern" instance=ExtResource("24_mmvcw")]
transform = Transform3D(-0.838024, 0, 0.545634, 0, 1, 0, -0.545634, 0, -0.838024, -54.179, -3.02469, -7.56165)
railLength = 26

[node name="Rings5" type="Node3D" parent="Cavern"]
transform = Transform3D(-0.838024, 0, 0.545634, 0, 1, 0, -0.545634, 0, -0.838024, -54.4391, -2.29861, -7.16199)
script = ExtResource("8_0fm25")
Generate = false
Source = ExtResource("9_31ueb")
Amount = 8
Shape = 0
Orientation = 0
Spacing = 3.0
"Horizontal Offset" = null
"Vertical Offset" = null

[node name="Child01" parent="Cavern/Rings5" instance=ExtResource("9_31ueb")]

[node name="Child02" parent="Cavern/Rings5" instance=ExtResource("9_31ueb")]
transform = Transform3D(1, 0, 0, 0, 1, 0, 0, 0, 1, 0, 0, -3)

[node name="Child03" parent="Cavern/Rings5" instance=ExtResource("9_31ueb")]
transform = Transform3D(1, 0, 0, 0, 1, 0, 0, 0, 1, 0, 0, -6)

[node name="Child04" parent="Cavern/Rings5" instance=ExtResource("9_31ueb")]
transform = Transform3D(1, 0, 0, 0, 1, 0, 0, 0, 1, 0, 0, -9)

[node name="Child05" parent="Cavern/Rings5" instance=ExtResource("9_31ueb")]
transform = Transform3D(1, 0, 0, 0, 1, 0, 0, 0, 1, 0, 0, -12)

[node name="Child06" parent="Cavern/Rings5" instance=ExtResource("9_31ueb")]
transform = Transform3D(1, 0, 0, 0, 1, 0, 0, 0, 1, 0, 0, -15)

[node name="Child07" parent="Cavern/Rings5" instance=ExtResource("9_31ueb")]
transform = Transform3D(1, 0, 0, 0, 1, 0, 0, 0, 1, 0, 0, -18)

[node name="Child08" parent="Cavern/Rings5" instance=ExtResource("9_31ueb")]
transform = Transform3D(1, 0, 0, 0, 1, 0, 0, 0, 1, 0, 0, -21)

[node name="BlueMajin10" parent="Cavern" instance=ExtResource("11_4r3pe")]
transform = Transform3D(-0.212178, 0, 0.977231, 0, 1, 0, -0.977231, 0, -0.212178, -80.0499, -1.0018, 22.2036)

[node name="BlueMajin6" parent="Cavern" instance=ExtResource("11_4r3pe")]
transform = Transform3D(-0.128432, 0, 0.991718, 0, 1, 0, -0.991718, 0, -0.128432, -86.6802, 0.33255, 26.879)

[node name="BlueMajin7" parent="Cavern" instance=ExtResource("11_4r3pe")]
transform = Transform3D(-0.128432, 0, 0.991718, 0, 1, 0, -0.991718, 0, -0.128432, -101.032, 1.87073, 24.8613)

[node name="BlueMajin9" parent="Cavern" instance=ExtResource("11_4r3pe")]
transform = Transform3D(-0.254248, 0, 0.967139, 0, 1, 0, -0.967139, 0, -0.254248, -134.612, -5.06036, 37.6638)

[node name="BlueMajin8" parent="Cavern" instance=ExtResource("11_4r3pe")]
transform = Transform3D(-0.495899, 0, 0.86838, 0, 1, 0, -0.86838, 0, -0.495899, -125.972, -5.03943, 34.3187)

[node name="BlueMajin5" parent="Cavern" instance=ExtResource("11_4r3pe")]
transform = Transform3D(-0.254248, 0, 0.967139, 0, 1, 0, -0.967139, 0, -0.254248, -118.654, -2.56372, 30.2186)

[node name="InvisibleGrindrail2" parent="Cavern" instance=ExtResource("24_mmvcw")]
transform = Transform3D(-0.259628, 0, 0.965709, 0, 1, 0, -0.965709, 0, -0.259628, -76.2462, -2.52319, 21.3333)
railLength = 37

[node name="Rings6" type="Node3D" parent="Cavern/InvisibleGrindrail2"]
transform = Transform3D(1, 0, 0, 0, 1, 0, 0, 0, 1, 0, 0.644379, -0.340454)
script = ExtResource("8_0fm25")
Generate = false
Source = ExtResource("9_31ueb")
Amount = 10
Shape = 0
Orientation = 0
Spacing = 2.6
"Horizontal Offset" = null
"Vertical Offset" = null

[node name="Child01" parent="Cavern/InvisibleGrindrail2/Rings6" instance=ExtResource("9_31ueb")]

[node name="Child02" parent="Cavern/InvisibleGrindrail2/Rings6" instance=ExtResource("9_31ueb")]
transform = Transform3D(1, 0, 0, 0, 1, 0, 0, 0, 1, 0, 0, -2.6)

[node name="Child03" parent="Cavern/InvisibleGrindrail2/Rings6" instance=ExtResource("9_31ueb")]
transform = Transform3D(1, 0, 0, 0, 1, 0, 0, 0, 1, 0, 0, -5.2)

[node name="Child04" parent="Cavern/InvisibleGrindrail2/Rings6" instance=ExtResource("9_31ueb")]
transform = Transform3D(1, 0, 0, 0, 1, 0, 0, 0, 1, 0, 0, -7.8)

[node name="Child05" parent="Cavern/InvisibleGrindrail2/Rings6" instance=ExtResource("9_31ueb")]
transform = Transform3D(1, 0, 0, 0, 1, 0, 0, 0, 1, 0, 0, -10.4)

[node name="Child06" parent="Cavern/InvisibleGrindrail2/Rings6" instance=ExtResource("9_31ueb")]
transform = Transform3D(1, 0, 0, 0, 1, 0, 0, 0, 1, 0, 0, -13)

[node name="Child07" parent="Cavern/InvisibleGrindrail2/Rings6" instance=ExtResource("9_31ueb")]
transform = Transform3D(1, 0, 0, 0, 1, 0, 0, 0, 1, 0, 0, -15.6)

[node name="Child08" parent="Cavern/InvisibleGrindrail2/Rings6" instance=ExtResource("9_31ueb")]
transform = Transform3D(1, 0, 0, 0, 1, 0, 0, 0, 1, 0, 0, -18.2)

[node name="Child09" parent="Cavern/InvisibleGrindrail2/Rings6" instance=ExtResource("9_31ueb")]
transform = Transform3D(1, 0, 0, 0, 1, 0, 0, 0, 1, 0, 0, -20.8)

[node name="Child10" parent="Cavern/InvisibleGrindrail2/Rings6" instance=ExtResource("9_31ueb")]
transform = Transform3D(1, 0, 0, 0, 1, 0, 0, 0, 1, 0, 0, -23.4)

[node name="Goal" parent="Cavern" instance=ExtResource("25_45yu0")]
transform = Transform3D(-0.745895, 0, 0.666064, 0, 1, 0, -0.666064, 0, -0.745895, -145.737, 0.911102, 50.3856)

[node name="CollisionShape3D" type="CollisionShape3D" parent="Cavern/Goal"]
transform = Transform3D(1, 0, 0, 0, 1, 0, 0, 0, 1, 0, -3.24289, 2.08151)
shape = SubResource("BoxShape3D_kplmy")

[connection signal="Activated" from="CullingMap/Cavern-L" to="Cavern" method="Activate"]
[connection signal="Deactivated" from="CullingMap/Cavern-L" to="Cavern" method="Deactivate"]
[connection signal="Activated" from="CullingMap/Crossing-U" to="Crossing" method="Deactivate"]
[connection signal="Deactivated" from="CullingMap/Crossing-U" to="Crossing" method="Activate"]
[connection signal="Activated" from="Crossing/Switch" to="Static/Trigger/Object/Apatos2/Event" method="Activate"]
[connection signal="Deactivated" from="Crossing/Switch" to="Static/Trigger/Object/Apatos2/Event" method="Deactivate"]
[connection signal="JumpFinished" from="Cavern/JumpTrigger/LandJump" to="Cavern/JumpTrigger/LandJump/Path" method="Activate"]

[editable path="Static"]
[editable path="Static/Visuals/03CaveSky"]
[editable path="Static/Trigger/Object/DinoParaGroup/DinoPara1"]
[editable path="Static/Trigger/Object/DinoParaGroup/DinoPara2"]
