[gd_scene load_steps=5 format=3 uid="uid://dsc7pj6pi03xg"]

[ext_resource type="PackedScene" uid="uid://dn77mij3pq1jn" path="res://area/2 dino jungle/object/model/dino/DinoPara.gltf" id="1_6lqcg"]
[ext_resource type="AudioStream" uid="uid://dji6cwnnskkr6" path="res://sound/sfx/stage/dinosaur jungle/dino para.wav" id="2_o028y"]
[ext_resource type="Script" path="res://object/stage/common/resource/script/Hazard.cs" id="3_j7aau"]

[sub_resource type="CapsuleShape3D" id="CapsuleShape3D_kfmls"]
radius = 0.729095
height = 4.39732

[node name="DinoPara" instance=ExtResource("1_6lqcg")]

[node name="Skeleton3D" parent="DinoParaRoot" index="0"]
bones/0/rotation = Quaternion(-0.755882, -1.5337e-08, -1.5337e-08, 0.654708)
bones/1/rotation = Quaternion(0.0715426, 2.2151e-11, 2.13815e-08, 0.997438)
bones/3/rotation = Quaternion(0.954904, 1.78626e-08, 4.04656e-08, -0.296914)
bones/4/rotation = Quaternion(-0.285949, -2.46977e-09, -1.37883e-07, 0.958245)
bones/6/scale = Vector3(1, 1, 1)
bones/7/rotation = Quaternion(-0.29286, 4.03649e-07, -3.44362e-08, 0.956155)
bones/8/rotation = Quaternion(0.621122, -1.14779e-07, 2.11389e-08, 0.783714)
bones/8/scale = Vector3(1, 1, 1)
bones/10/rotation = Quaternion(-0.683858, -1.70603e-08, -6.72718e-08, 0.729616)
bones/11/rotation = Quaternion(0.28767, 3.05702e-07, 3.35709e-08, 0.95773)
bones/11/scale = Vector3(1, 1, 1)
bones/12/rotation = Quaternion(-0.683857, -1.3686e-08, 1.85714e-08, 0.729616)
bones/13/rotation = Quaternion(0.287656, 4.25619e-07, 4.84677e-09, 0.957734)
bones/14/rotation = Quaternion(0.939131, -4.93283e-08, -1.3484e-07, 0.34356)
bones/14/scale = Vector3(1, 1, 1)
bones/15/rotation = Quaternion(0.939107, -6.78055e-08, 1.76936e-08, 0.343625)
bones/15/scale = Vector3(1, 1, 1)
bones/16/rotation = Quaternion(0.941786, 6.88404e-08, 1.2379e-07, 0.336214)
bones/16/scale = Vector3(1, 1, 1)
bones/17/rotation = Quaternion(0.94179, -5.67155e-07, -6.22107e-07, 0.336203)
bones/17/scale = Vector3(1, 1, 1)

[node name="SFX" type="AudioStreamPlayer3D" parent="." index="2"]
stream = ExtResource("2_o028y")
attenuation_model = 3
max_distance = 100.0
bus = &"GAME SFX"

[node name="Head" type="BoneAttachment3D" parent="." index="3"]
transform = Transform3D(1, 2.68441e-08, -4.28509e-07, -4.16082e-07, -0.185597, -0.982626, -1.05908e-07, 0.982626, -0.185597, 3.64975e-07, 6.40692, 8.30832)
bone_name = "head"
bone_idx = 5
use_external_skeleton = true
external_skeleton = NodePath("../DinoParaRoot/Skeleton3D")

[node name="StaticBody" type="StaticBody3D" parent="Head" index="0"]
transform = Transform3D(0.994381, -0.10568, 0.00610432, 0.0956115, 0.871908, -0.480245, 0.0454297, 0.478131, 0.877113, -4.71299e-07, 1.54055, -1.00335)
collision_layer = 8
collision_mask = 0

[node name="CollisionShape3D" type="CollisionShape3D" parent="Head/StaticBody" index="0"]
shape = SubResource("CapsuleShape3D_kfmls")

[node name="AreaTrigger" type="Area3D" parent="Head" index="1"]
collision_layer = 8
collision_mask = 2
monitorable = false

[node name="Hitbox" type="Node3D" parent="Head/AreaTrigger" index="0"]
script = ExtResource("3_j7aau")

[node name="CollisionShape3D" type="CollisionShape3D" parent="Head/AreaTrigger" index="1"]
transform = Transform3D(0.994381, -0.10568, 0.00610432, 0.0956115, 0.871908, -0.480245, 0.0454297, 0.478131, 0.877113, -4.71299e-07, 1.54055, -1.00335)
shape = SubResource("CapsuleShape3D_kfmls")

[node name="CollisionShape3D2" type="CollisionShape3D" parent="Head/AreaTrigger" index="2"]
transform = Transform3D(0.994381, -0.10568, 0.00610432, 0.0956115, 0.871908, -0.480245, 0.0454297, 0.478131, 0.877113, -1.50773e-06, -0.981498, -3.58003)
shape = SubResource("CapsuleShape3D_kfmls")

[connection signal="area_entered" from="Head/AreaTrigger" to="Head/AreaTrigger/Hitbox" method="OnEntered"]
[connection signal="area_exited" from="Head/AreaTrigger" to="Head/AreaTrigger/Hitbox" method="OnExited"]
