[gd_scene load_steps=3 format=3 uid="uid://bpovfsg2jj7ig"]

[ext_resource type="PackedScene" uid="uid://cl2384ssneyle" path="res://area/2 dino jungle/object/model/dino/PteroRoot.gltf" id="1_glawa"]
[ext_resource type="PackedScene" uid="uid://cfimwyspwj6on" path="res://area/2 dino jungle/object/model/dino/DinoPtero.gltf" id="2_jrfq7"]

[node name="PteroGroup" instance=ExtResource("1_glawa")]

[node name="Skeleton3D" parent="PteroRoot" index="0"]
bones/0/rotation = Quaternion(-1.408e-06, 0.984809, 4.31293e-05, -0.173642)
bones/1/position = Vector3(-4.24017, -0.55575, 42.971)
bones/1/rotation = Quaternion(-0.524484, 0.47409, 0.474436, 0.524467)
bones/1/scale = Vector3(1, 1, 1)
bones/3/rotation = Quaternion(0.265241, 0.65548, 0.655436, -0.265324)
bones/3/scale = Vector3(1, 1, 1)
bones/4/rotation = Quaternion(-1.78259e-05, 0.98481, 0.000188966, -0.173633)
bones/5/rotation = Quaternion(-0.545266, 0.44997, 0.450273, 0.545405)
bones/5/scale = Vector3(1, 1, 1)

[node name="Ptero01" type="BoneAttachment3D" parent="." index="2"]
transform = Transform3D(-0.718488, 0.695539, -0.000150484, -0.000149567, 6.18314e-05, 1, 0.695539, 0.718488, 5.95715e-05, -756.069, -238.542, -1104.25)
bone_name = "ptero01"
bone_idx = 3
use_external_skeleton = true
external_skeleton = NodePath("../PteroRoot/Skeleton3D")

[node name="DinoPtero1" parent="Ptero01" index="0" instance=ExtResource("2_jrfq7")]
transform = Transform3D(0.984808, 0.173648, 0, 7.5904e-09, -4.30473e-08, -1, -0.173648, 0.984808, -4.37114e-08, 0, 0, 0)

[node name="Ptero02" type="BoneAttachment3D" parent="." index="3"]
transform = Transform3D(0.246034, 0.969261, 0.000262236, 0.000260996, -0.000336755, 1, 0.969261, -0.246034, -0.000335905, -819.94, -235.743, -1114.92)
bone_name = "ptero02"
bone_idx = 1
use_external_skeleton = true
external_skeleton = NodePath("../PteroRoot/Skeleton3D")

[node name="DinoPtero2" parent="Ptero02" index="0" instance=ExtResource("2_jrfq7")]
transform = Transform3D(0.984808, 0.173648, 0, 7.5904e-09, -4.30473e-08, -1, -0.173648, 0.984808, -4.37114e-08, 0, 0, 0)

[node name="Ptero03" type="BoneAttachment3D" parent="." index="4"]
transform = Transform3D(0.157658, 0.987494, 7.8332e-05, 7.71578e-05, -9.17107e-05, 1, 0.987494, -0.157658, -9.0638e-05, -876.097, -251.421, -1203.63)
bone_name = "ptero03"
bone_idx = 5
use_external_skeleton = true
external_skeleton = NodePath("../PteroRoot/Skeleton3D")

[node name="DinoPtero3" parent="Ptero03" index="0" instance=ExtResource("2_jrfq7")]
transform = Transform3D(0.984808, 0.173648, 0, 7.5904e-09, -4.30473e-08, -1, -0.173648, 0.984808, -4.37114e-08, 0, 0, 0)
