[gd_scene load_steps=7 format=3 uid="uid://cgnbpdk3o5dx6"]

[ext_resource type="Script" path="res://object/stage/LevelSettings.cs" id="1_tlytd"]
[ext_resource type="PackedScene" uid="uid://dm3cwd75hg84f" path="res://object/player/CharacterSpawn.tscn" id="2_evume"]
[ext_resource type="PackedScene" uid="uid://cmbwrey4a6tp8" path="res://area/stage/1 sand oasis/data/environment/object/grindrail/Grindrail05.tscn" id="3_mc3wt"]
[ext_resource type="PackedScene" uid="uid://b0uekqdfkbg6h" path="res://object/stage/common/ItemBox.tscn" id="5_085uk"]
[ext_resource type="PackedScene" uid="uid://dlnwtsh3gxrgk" path="res://area/stage/1 sand oasis/act 2/Static.tscn" id="5_pjioi"]
[ext_resource type="PackedScene" uid="uid://c0wwow83r4jry" path="res://object/enemy/majin/data/sand oasis/BlueMajin.tscn" id="6_73rrj"]

[node name="Stage" type="Node"]

[node name="MainAct" type="Node3D" parent="."]
script = ExtResource("1_tlytd")
"Mission Type" = 0
"Time Limit" = 0.0
"Item Cycling/Activation Trigger" = NodePath("")
"Ranking/Skip Score" = false
"Ranking/Gold Time" = 0
"Ranking/Silver Time" = 0
"Ranking/Bronze Time" = 0
"Ranking/Gold Score" = 0
"Ranking/Silver Score" = 0
"Ranking/Bronze Score" = 0
Completion/Delay = 0.0
Completion/Lockout = null

[node name="SpawnPosition" type="Node3D" parent="MainAct"]
metadata/_edit_lock_ = true

[node name="CharacterSpawn" parent="MainAct/SpawnPosition" instance=ExtResource("2_evume")]

[node name="Grindrail" parent="MainAct" instance=ExtResource("3_mc3wt")]
transform = Transform3D(-0.939693, 0, -0.34202, 0, 1, 0, 0.34202, 0, -0.939693, 0.615636, 0.3, 1.69145)

[node name="Static" parent="." instance=ExtResource("5_pjioi")]

[node name="ItemBox" parent="." instance=ExtResource("5_085uk")]
transform = Transform3D(-0.965926, 0, -0.258819, 0, 1, 0, 0.258819, 0, -0.965926, -1.15911, 0.5, 3.31058)
"Spawn Settings/Amount" = 100
"Spawn Settings/Spawn Pearls" = true
"Spawn Settings/Radius" = 1.0

[node name="BlueMajin" parent="." instance=ExtResource("6_73rrj")]
transform = Transform3D(-0.866025, 0, -0.5, 0, 1, 0, 0.5, 0, -0.866025, 5.23205, 0, 5.06218)
