[gd_scene load_steps=19 format=3 uid="uid://6rhkc33287q1"]

[ext_resource type="PackedScene" uid="uid://c5ajp56pbyegl" path="res://area/6 skeleton dome/act 2/Static.tscn" id="1_klfa3"]
[ext_resource type="PackedScene" uid="uid://cjupypih0myxo" path="res://object/player/CharacterSpawn.tscn" id="2_3uee3"]
[ext_resource type="Resource" uid="uid://dye8lwmr1u1pd" path="res://resource/level data/skeleton dome/Act2Rampage.tres" id="2_hve45"]
[ext_resource type="Script" uid="uid://kvlmbv66orqt" path="res://object/trigger/modules/CullingTrigger.cs" id="4_22mc0"]
[ext_resource type="PackedScene" uid="uid://vqw834asl36p" path="res://area/6 skeleton dome/object/obstacle/Gate.tscn" id="5_wk4ah"]
[ext_resource type="Script" uid="uid://dd24u7rlj0dwl" path="res://addons/custom_nodes/script/ObjectGenerator.cs" id="6_yf0ya"]
[ext_resource type="PackedScene" uid="uid://c7l8mr7ubn848" path="res://object/stage/pickups/Ring.tscn" id="7_w7ftd"]
[ext_resource type="PackedScene" uid="uid://d21ummt57uq4a" path="res://area/6 skeleton dome/object/obstacle/Sickle.tscn" id="8_w7ftd"]
[ext_resource type="PackedScene" uid="uid://cl7a6swbawl4b" path="res://area/6 skeleton dome/object/platform/PlatformExteriorEnd.tscn" id="9_l4u23"]
[ext_resource type="PackedScene" uid="uid://dee1migehwfmq" path="res://area/6 skeleton dome/object/platform/PlatformExterior.tscn" id="10_uy80d"]
[ext_resource type="PackedScene" uid="uid://bhnh1as6xgpiy" path="res://object/stage/common/DashPanel.tscn" id="11_uy80d"]
[ext_resource type="PackedScene" uid="uid://cvjx50c0en38" path="res://area/6 skeleton dome/object/obstacle/Door.tscn" id="12_42fea"]
[ext_resource type="PackedScene" uid="uid://b1daf70kelhld" path="res://area/6 skeleton dome/object/platform/PlatformCavernLarge.tscn" id="13_bldk5"]
[ext_resource type="PackedScene" uid="uid://bgrpp6vriyi1w" path="res://area/6 skeleton dome/object/platform/PlatformSpiralSmall.tscn" id="14_cv5kw"]
[ext_resource type="PackedScene" uid="uid://c2etn7ijwk0bg" path="res://area/6 skeleton dome/object/obstacle/BonePillar.tscn" id="14_jikjh"]
[ext_resource type="PackedScene" uid="uid://nso0vvogx8g0" path="res://area/6 skeleton dome/object/platform/PlatformSpiralLarge.tscn" id="15_cv5kw"]

[sub_resource type="Curve" id="Curve_42fea"]
_data = [Vector2(0, 0), 0.0, 0.0, 0, 0, Vector2(1, 1), 2.95701, 0.0, 0, 0]
point_count = 2

[sub_resource type="Curve" id="Curve_1ie6k"]
_limits = [-1.0, 0.0, 0.0, 1.0]
_data = [Vector2(0, 0), 0.0, 0.0, 0, 0, Vector2(1, -1), -3.0279, 0.0, 0, 0]
point_count = 2

[node name="World" type="Node"]

[node name="Static" parent="." instance=ExtResource("1_klfa3")]
Data = ExtResource("2_hve45")

[node name="RampageAct" type="Node3D" parent="."]

[node name="SpawnPosition" type="Node3D" parent="RampageAct"]
transform = Transform3D(1, 0, 0, 0, 1, 0, 0, 0, 1, 1150, 0, -1125)
metadata/_edit_lock_ = true

[node name="CharacterSpawn" parent="RampageAct/SpawnPosition" instance=ExtResource("2_3uee3")]

[node name="Hall" type="Node3D" parent="RampageAct"]
transform = Transform3D(1, 0, 0, 0, 1, 0, 0, 0, 1, 1150, 0, -1125)
script = ExtResource("4_22mc0")
startEnabled = true
saveVisibilityOnCheckpoint = true

[node name="Gate" parent="RampageAct/Hall" instance=ExtResource("5_wk4ah")]
transform = Transform3D(-0.8, 0, -6.99382e-08, 0, 0.6, 0, 6.99382e-08, 0, -0.8, 0, 5, 25.5)

[node name="Rings1" type="Node3D" parent="RampageAct/Hall"]
transform = Transform3D(-1, 0, -8.74228e-08, 0, 1, 0, 8.74228e-08, 0, -1, 6.11959e-07, 0.7, 35)
script = ExtResource("6_yf0ya")
Source = ExtResource("7_w7ftd")
Amount = 4
Shape = 0
Orientation = 0
Spacing = 4.0
"Horizontal Offset" = null
"Vertical Offset" = null
metadata/_custom_type_script = "uid://dd24u7rlj0dwl"

[node name="Child01" parent="RampageAct/Hall/Rings1" instance=ExtResource("7_w7ftd")]

[node name="Child02" parent="RampageAct/Hall/Rings1" instance=ExtResource("7_w7ftd")]
transform = Transform3D(1, 0, 0, 0, 1, 0, 0, 0, 1, 0, 0, -4)

[node name="Child03" parent="RampageAct/Hall/Rings1" instance=ExtResource("7_w7ftd")]
transform = Transform3D(1, 0, 0, 0, 1, 0, 0, 0, 1, 0, 0, -8)

[node name="Child04" parent="RampageAct/Hall/Rings1" instance=ExtResource("7_w7ftd")]
transform = Transform3D(1, 0, 0, 0, 1, 0, 0, 0, 1, 0, 0, -12)

[node name="Hall2" type="Node3D" parent="RampageAct/Hall"]
transform = Transform3D(-0.707107, 0, 0.707107, 0, 1, 0, -0.707107, 0, -0.707107, -5, 0, 60)

[node name="RingsL" type="Node3D" parent="RampageAct/Hall/Hall2"]
transform = Transform3D(1, 0, 0, 0, 1, 0, 0, 0, 1, -0.6, 0.7, -7)
script = ExtResource("6_yf0ya")
Source = ExtResource("7_w7ftd")
Amount = 5
Shape = 0
Orientation = 0
Spacing = 4.0
"Horizontal Offset" = null
"Vertical Offset" = null
metadata/_custom_type_script = "uid://dd24u7rlj0dwl"

[node name="Child01" parent="RampageAct/Hall/Hall2/RingsL" instance=ExtResource("7_w7ftd")]

[node name="Child02" parent="RampageAct/Hall/Hall2/RingsL" instance=ExtResource("7_w7ftd")]
transform = Transform3D(1, 0, 0, 0, 1, 0, 0, 0, 1, 0, 0, -4)

[node name="Child03" parent="RampageAct/Hall/Hall2/RingsL" instance=ExtResource("7_w7ftd")]
transform = Transform3D(1, 0, 0, 0, 1, 0, 0, 0, 1, 0, 0, -8)

[node name="Child04" parent="RampageAct/Hall/Hall2/RingsL" instance=ExtResource("7_w7ftd")]
transform = Transform3D(1, 0, 0, 0, 1, 0, 0, 0, 1, 0, 0, -12)

[node name="Child05" parent="RampageAct/Hall/Hall2/RingsL" instance=ExtResource("7_w7ftd")]
transform = Transform3D(1, 0, 0, 0, 1, 0, 0, 0, 1, 0, 0, -16)

[node name="RingsR" type="Node3D" parent="RampageAct/Hall/Hall2"]
transform = Transform3D(1, 0, 0, 0, 1, 0, 0, 0, 1, 0.6, 0.7, -7)
script = ExtResource("6_yf0ya")
Source = ExtResource("7_w7ftd")
Amount = 5
Shape = 0
Orientation = 0
Spacing = 4.0
"Horizontal Offset" = null
"Vertical Offset" = null
metadata/_custom_type_script = "uid://dd24u7rlj0dwl"

[node name="Child01" parent="RampageAct/Hall/Hall2/RingsR" instance=ExtResource("7_w7ftd")]

[node name="Child02" parent="RampageAct/Hall/Hall2/RingsR" instance=ExtResource("7_w7ftd")]
transform = Transform3D(1, 0, 0, 0, 1, 0, 0, 0, 1, 0, 0, -4)

[node name="Child03" parent="RampageAct/Hall/Hall2/RingsR" instance=ExtResource("7_w7ftd")]
transform = Transform3D(1, 0, 0, 0, 1, 0, 0, 0, 1, 0, 0, -8)

[node name="Child04" parent="RampageAct/Hall/Hall2/RingsR" instance=ExtResource("7_w7ftd")]
transform = Transform3D(1, 0, 0, 0, 1, 0, 0, 0, 1, 0, 0, -12)

[node name="Child05" parent="RampageAct/Hall/Hall2/RingsR" instance=ExtResource("7_w7ftd")]
transform = Transform3D(1, 0, 0, 0, 1, 0, 0, 0, 1, 0, 0, -16)

[node name="Sickle1" parent="RampageAct/Hall/Hall2" instance=ExtResource("8_w7ftd")]
transform = Transform3D(1, 0, 0, 0, 1, 0, 0, 0, 1, 0, 8, -10)
rotationAmount = 35.0
cycleLength = 8.0
currentRatio = 1.0
chainLength = 4

[node name="Sickle2" parent="RampageAct/Hall/Hall2" instance=ExtResource("8_w7ftd")]
transform = Transform3D(1, 0, 0, 0, 1, 0, 0, 0, 1, 0, 8, -30)
rotationAmount = 35.0
cycleLength = 7.0
currentRatio = 0.0
chainLength = 4

[node name="Gate1" parent="RampageAct/Hall/Hall2" instance=ExtResource("5_wk4ah")]
transform = Transform3D(0.7, 0, 0, 0, 0.7, 0, 0, 0, 0.7, 0, 4, -39)

[node name="Gate2" parent="RampageAct/Hall/Hall2" instance=ExtResource("5_wk4ah")]
transform = Transform3D(-2.18557e-08, 0, 0.7, 0, 0.7, 0, -0.5, 0, -3.0598e-08, -3.57, -0.9, -44.3)

[node name="Gate3" parent="RampageAct/Hall/Hall2" instance=ExtResource("5_wk4ah")]
transform = Transform3D(-2.18557e-08, 0, 0.7, 0, 0.7, 0, -0.5, 0, -3.0598e-08, -3.57, -0.9, -49.3)

[node name="Rings1" type="Node3D" parent="RampageAct/Hall/Hall2"]
transform = Transform3D(1, 0, 0, 0, 1, 0, 0, 0, 1, -1.50012, 0.7, -43.9999)
script = ExtResource("6_yf0ya")
Source = ExtResource("7_w7ftd")
Amount = 4
Shape = 0
Orientation = 0
Spacing = 4.0
"Horizontal Offset" = SubResource("Curve_42fea")
"Vertical Offset" = null
metadata/_custom_type_script = "uid://dd24u7rlj0dwl"

[node name="Child01" parent="RampageAct/Hall/Hall2/Rings1" instance=ExtResource("7_w7ftd")]

[node name="Child02" parent="RampageAct/Hall/Hall2/Rings1" instance=ExtResource("7_w7ftd")]
transform = Transform3D(1, 0, 0, 0, 1, 0, 0, 0, 1, 0.0402213, 0, -4)

[node name="Child03" parent="RampageAct/Hall/Hall2/Rings1" instance=ExtResource("7_w7ftd")]
transform = Transform3D(1, 0, 0, 0, 1, 0, 0, 0, 1, 0.302665, 0, -8)

[node name="Child04" parent="RampageAct/Hall/Hall2/Rings1" instance=ExtResource("7_w7ftd")]
transform = Transform3D(1, 0, 0, 0, 1, 0, 0, 0, 1, 1, 0, -12)

[node name="PlatformExteriorEnd1" parent="RampageAct/Hall/Hall2" instance=ExtResource("9_l4u23")]
transform = Transform3D(-0.939693, 0, -0.34202, 0, 1, 0, 0.34202, 0, -0.939693, 3.57404, 1, -47.4622)

[node name="PlatformExterior" parent="RampageAct/Hall/Hall2/PlatformExteriorEnd1" instance=ExtResource("10_uy80d")]
transform = Transform3D(1, 0, 0, 0, 1, 0, 0, 0, 1, 0, 0, 4)

[node name="Sickle3" parent="RampageAct/Hall/Hall2" instance=ExtResource("8_w7ftd")]
transform = Transform3D(1, 0, 0, 0, 1, 0, 0, 0, 1, -6.10352e-05, 8, -65)
rotationAmount = 35.0
cycleLength = 8.0
currentRatio = 1.0
chainLength = 4

[node name="PlatformExteriorEnd2" parent="RampageAct/Hall/Hall2" instance=ExtResource("9_l4u23")]
transform = Transform3D(0.34202, 0, -0.939693, 0, 1, 0, 0.939693, 0, 0.34202, -2.55273, 1, -69.9186)

[node name="PlatformExterior" parent="RampageAct/Hall/Hall2/PlatformExteriorEnd2" instance=ExtResource("10_uy80d")]
transform = Transform3D(1, 0, 0, 0, 1, 0, 0, 0, 1, 0, 0, 4)

[node name="DashPanel" parent="RampageAct/Hall/Hall2" instance=ExtResource("11_uy80d")]
transform = Transform3D(-1, 0, -8.74228e-08, 0, 1, 0, 8.74228e-08, 0, -1, -4.37114e-07, 0, -84)

[node name="DoorL" parent="RampageAct/Hall/Hall2" instance=ExtResource("12_42fea")]
transform = Transform3D(-4.37114e-08, 0, 1, 0, 1, 0, -1, 0, -4.37114e-08, -2.5, 0, -86.5)

[node name="DoorR" parent="RampageAct/Hall/Hall2" instance=ExtResource("12_42fea")]
transform = Transform3D(-4.37114e-08, 0, 1, 0, 1, 0, -1, 0, -4.37114e-08, 2.4, 0, -86.5)

[node name="Arena" type="Node3D" parent="RampageAct"]
transform = Transform3D(1, 0, 0, 0, 1, 0, 0, 0, 1, 1000, 0, -1000)

[node name="Rotation" type="Node3D" parent="RampageAct/Arena"]
transform = Transform3D(0.898794, 0, 0.438371, 0, 1, 0, -0.438371, 0, 0.898794, 0, 0, 0)

[node name="Sickles" type="Node3D" parent="RampageAct/Arena"]
transform = Transform3D(1, 0, 0, 0, 1, 0, 0, 0, 1, 0, 0, 0)

[node name="Sickle1" parent="RampageAct/Arena/Sickles" instance=ExtResource("8_w7ftd")]
transform = Transform3D(-0.939693, 0, 0.34202, 0, 1, 0, -0.34202, 0, -0.939693, 64.2411, 12.5, 22.3177)
cycleLength = 6.0
chainLength = 8

[node name="Sickle2" parent="RampageAct/Arena/Sickles" instance=ExtResource("8_w7ftd")]
transform = Transform3D(-0.866025, 0, 0.5, 0, 1, 0, -0.5, 0, -0.866025, 43.8013, 12.5, 24.134)
cycleLength = 6.0
chainLength = 8

[node name="Sickle3" parent="RampageAct/Arena/Sickles" instance=ExtResource("8_w7ftd")]
transform = Transform3D(-0.71325, 0, 0.700909, 0, 1, 0, -0.700909, 0, -0.71325, 53.4814, 6.5, 51.1541)
rotationAmount = 40.0
cycleLength = 2.5
currentRatio = 0.0
chainLength = 3

[node name="Sickle4" parent="RampageAct/Arena/Sickles" instance=ExtResource("8_w7ftd")]
transform = Transform3D(-0.390731, 0, 0.920505, 0, 1, 0, -0.920505, 0, -0.390731, 28.6624, 10, 64.9651)
rotationAmount = 40.0
cycleLength = 7.0
chainLength = 6

[node name="Sickle5" parent="RampageAct/Arena/Sickles" instance=ExtResource("8_w7ftd")]
transform = Transform3D(-0.21644, 0, 0.976296, 0, 1, 0, -0.976296, 0, -0.21644, 15.0449, 12.4, 63.2428)
rotationAmount = 40.0
cycleLength = 6.0
chainLength = 8

[node name="Sickle7" parent="RampageAct/Arena/Sickles" instance=ExtResource("8_w7ftd")]
transform = Transform3D(0.390731, 0, 0.920505, 0, 1, 0, -0.920505, 0, 0.390731, -20.179, 6.5, 50.098)
rotationAmount = 40.0
cycleLength = 4.0
currentRatio = 0.0
chainLength = 3

[node name="Sickle8" parent="RampageAct/Arena/Sickles" instance=ExtResource("8_w7ftd")]
transform = Transform3D(0.374607, 0, 0.927184, 0, 1, 0, -0.927184, 0, 0.374607, -26.7937, 6.5, 68.9861)
rotationAmount = 20.0
cycleLength = 4.0
currentRatio = 1.0
chainLength = 3

[node name="Sickle9" parent="RampageAct/Arena/Sickles" instance=ExtResource("8_w7ftd")]
transform = Transform3D(0.642788, 0, 0.766044, 0, 1, 0, -0.766044, 0, 0.642788, -44.8719, 6.5, 55.0319)
rotationAmount = 40.0
cycleLength = 4.0
currentRatio = 1.0
chainLength = 3

[node name="Sickle10" parent="RampageAct/Arena/Sickles" instance=ExtResource("8_w7ftd")]
transform = Transform3D(0.997564, 0, -0.0697564, 0, 1, 0, 0.0697564, 0, 0.997564, -71.8943, 7.5, -4.0249)
rotationAmount = 70.0
cycleLength = 4.0
currentRatio = 0.0
chainLength = 4

[node name="Sickle11" parent="RampageAct/Arena/Sickles" instance=ExtResource("8_w7ftd")]
transform = Transform3D(0.965926, 0, -0.258819, 0, 1, 0, 0.258819, 0, 0.965926, -66.9077, 7.5, -16.8926)
rotationAmount = 70.0
cycleLength = 4.0
chainLength = 4

[node name="Sickle12" parent="RampageAct/Arena/Sickles" instance=ExtResource("8_w7ftd")]
transform = Transform3D(0.898794, 0, -0.438371, 0, 1, 0, 0.438371, 0, 0.898794, -65.1516, 7.5, -30.6639)
rotationAmount = 70.0
cycleLength = 4.0
chainLength = 4

[node name="Sickle13" parent="RampageAct/Arena/Sickles" instance=ExtResource("8_w7ftd")]
transform = Transform3D(-5.76204e-08, 0, -1, 0, 1, 0, 1, 0, -5.76204e-08, -1, 7.5, -53)
rotationAmount = 50.0
cycleLength = 6.0
currentRatio = 0.0
chainLength = 4

[node name="Sickle14" parent="RampageAct/Arena/Sickles" instance=ExtResource("8_w7ftd")]
transform = Transform3D(-5.76204e-08, 0, -1, 0, 1, 0, 1, 0, -5.76204e-08, -1, 15, -65)
rotationAmount = 50.0
cycleLength = 7.0
currentRatio = 0.0
enableSparkParticles = false
chainLength = 5

[node name="Sickle15" parent="RampageAct/Arena/Sickles" instance=ExtResource("8_w7ftd")]
transform = Transform3D(-0.0958457, 0, -0.995396, 0, 1, 0, 0.995396, 0, -0.0958457, 5.80963, 9, -70.7689)
rotationAmount = 50.0
cycleLength = 4.0
currentRatio = 0.0
chainLength = 5

[node name="Sickle16" parent="RampageAct/Arena/Sickles" instance=ExtResource("8_w7ftd")]
transform = Transform3D(-0.173648, 0, -0.984808, 0, 1, 0, 0.984808, 0, -0.173648, 11.287, 7.5, -64.012)
rotationAmount = 50.0
cycleLength = 4.0
chainLength = 4

[node name="SickleBase" parent="RampageAct/Arena/Sickles/Sickle16" index="0"]
visible = false

[node name="CollisionShape3D" parent="RampageAct/Arena/Sickles/Sickle16/SickleBase/SickleBaseMesh/StaticBody3D" index="0"]
disabled = true

[node name="Root" parent="RampageAct/Arena/Sickles/Sickle16" index="1"]
transform = Transform3D(1, 0, 0, 0, 1, 0, 0, 0, 1, 0, 0, 0)

[node name="SickleHead" parent="RampageAct/Arena/Sickles/Sickle16/Root" index="0"]
transform = Transform3D(1, 0, 0, 0, 1, 0, 0, 0, 1, 0, -6.1, 0)

[node name="Sickle17" parent="RampageAct/Arena/Sickles" instance=ExtResource("8_w7ftd")]
transform = Transform3D(-0.5, 0, -0.866025, 0, 1, 0, 0.866025, 0, -0.5, 26.134, 7.5, -47.2654)
rotationAmount = 40.0
cycleLength = 6.0
currentRatio = 0.0
chainLength = 4

[node name="Sickle18" parent="RampageAct/Arena/Sickles" instance=ExtResource("8_w7ftd")]
transform = Transform3D(-0.5, 0, -0.866025, 0, 1, 0, 0.866025, 0, -0.5, 34.134, 9, -61.1218)
rotationAmount = 60.0
cycleLength = 6.0
chainLength = 5

[node name="Sickle19" parent="RampageAct/Arena/Sickles" instance=ExtResource("8_w7ftd")]
transform = Transform3D(-0.848048, 0, -0.529919, 0, 1, 0, 0.529919, 0, -0.848048, 45.2646, 14, -29.4637)
rotationAmount = 60.0
cycleLength = 4.0
enableSparkParticles = false
chainLength = 4

[node name="Sickle20" parent="RampageAct/Arena/Sickles" instance=ExtResource("8_w7ftd")]
transform = Transform3D(-0.961262, 0, -0.275637, 0, 1, 0, 0.275637, 0, -0.961262, 51.6324, 13, -15.8456)
rotationAmount = 60.0
cycleLength = 6.0
enableSparkParticles = false
chainLength = 3

[node name="Platforms" type="Node3D" parent="RampageAct/Arena"]

[node name="PlatformCavernLarge1" parent="RampageAct/Arena/Platforms" instance=ExtResource("13_bldk5")]
transform = Transform3D(-0.62932, 0, 0.777146, 0, 1.5, 0, -0.777146, 0, -0.62932, 36.2958, 1, 36.8764)

[node name="PlatformCavernLarge2" parent="RampageAct/Arena/Platforms" instance=ExtResource("13_bldk5")]
transform = Transform3D(-0.62932, 0, 0.777146, 0, 2.5, 0, -0.777146, 0, -0.62932, 32.41, 2, 40.023)

[node name="PlatformSpiralSmall1" parent="RampageAct/Arena/Platforms" instance=ExtResource("14_cv5kw")]
transform = Transform3D(-0.62932, 0, 0.777146, 0, 1, 0, -0.777146, 0, -0.62932, 36.9441, 1, 40.855)

[node name="PlatformCavernLarge3" parent="RampageAct/Arena/Platforms" instance=ExtResource("13_bldk5")]
transform = Transform3D(-0.544639, 0, 0.838671, 0, 1, 0, -0.838671, 0, -0.544639, 42.3181, 1, 55.9838)

[node name="PlatformCavernLarge4" parent="RampageAct/Arena/Platforms" instance=ExtResource("13_bldk5")]
transform = Transform3D(-0.544639, 0, 0.838671, 0, 1, 0, -0.838671, 0, -0.544639, 38.2086, 1, 58.6525)

[node name="PlatformExteriorEnd1" parent="RampageAct/Arena/Platforms" instance=ExtResource("9_l4u23")]
transform = Transform3D(0.978148, 0, -0.207912, 0, 1, 0, 0.207912, 0, 0.978148, 46.174, 1, 58.2491)

[node name="PlatformExterior" parent="RampageAct/Arena/Platforms/PlatformExteriorEnd1" instance=ExtResource("10_uy80d")]
transform = Transform3D(1, 0, 0, 0, 1, 0, 0, 0, 1, 0, 0, 4)

[node name="PlatformSpiralLarge1" parent="RampageAct/Arena/Platforms" instance=ExtResource("15_cv5kw")]
transform = Transform3D(-0.156434, 0, 0.987688, 0, 1, 0, -0.987688, 0, -0.156434, 8.135, 5.5, 51.36)

[node name="PlatformCavernLargeL" parent="RampageAct/Arena/Platforms" instance=ExtResource("13_bldk5")]
transform = Transform3D(-0.0654291, 0, 0.999048, 0, 2, 0, -1.49857, 0, -0.0436194, 2.53, 2, 57.945)

[node name="PlatformCavernLargeR" parent="RampageAct/Arena/Platforms" instance=ExtResource("13_bldk5")]
transform = Transform3D(-0.0654291, 0, 0.999048, 0, 2, 0, -1.49857, 0, -0.0436194, 3.053, 2, 69.933)

[node name="PlatformSpiralLarge2" parent="RampageAct/Arena/Platforms" instance=ExtResource("15_cv5kw")]
transform = Transform3D(-0.104529, 0, 0.994522, 0, 1, 0, -0.994522, 0, -0.104529, 7.94415, 3, 75.5837)

[node name="PlatformSpiralSmall2" parent="RampageAct/Arena/Platforms" instance=ExtResource("14_cv5kw")]
transform = Transform3D(-0.913545, 0, 0.406737, 0, 1, 0, -0.406737, 0, -0.913545, -21.1619, 1, 61.4587)

[node name="PlatformSpiralLarge3" parent="RampageAct/Arena/Platforms" instance=ExtResource("15_cv5kw")]
transform = Transform3D(-0.629321, 0, 0.777146, 0, 1, 0, -0.777146, 0, -0.629321, -41.0024, 3, 39.5955)

[node name="PlatformSpiralLarge4" parent="RampageAct/Arena/Platforms" instance=ExtResource("15_cv5kw")]
transform = Transform3D(0.906308, 0, 0.422618, 0, 1, 0, -0.422618, 0, 0.906308, -66.7573, 3, 26.9717)

[node name="PlatformSpiralLarge5" parent="RampageAct/Arena/Platforms" instance=ExtResource("15_cv5kw")]
transform = Transform3D(0.997564, 0, 0.0697564, 0, 1, 0, -0.0697564, 0, 0.997564, -51.3598, 3, 8.13458)

[node name="PlatformSpiralSmall3" parent="RampageAct/Arena/Platforms" instance=ExtResource("14_cv5kw")]
transform = Transform3D(0.992546, 0, 0.121869, 0, 1, 0, -0.121869, 0, 0.992546, -76.9223, 6, 9.44489)

[node name="PlatformSpiralSmall4" parent="RampageAct/Arena/Platforms" instance=ExtResource("14_cv5kw")]
transform = Transform3D(1.31134e-07, 0, 1, 0, 1, 0, -1, 0, 1.31134e-07, -72.5, 1, 0)

[node name="PlatformCavernLarge7" parent="RampageAct/Arena/Platforms" instance=ExtResource("13_bldk5")]
transform = Transform3D(-0.777146, 0, 0.943981, 0, 1.5, 0, -0.62932, 0, -1.16572, -58.2859, 1.5, -47.199)

[node name="PlatformCavernLarge8" parent="RampageAct/Arena/Platforms" instance=ExtResource("13_bldk5")]
transform = Transform3D(-0.777146, 0, 0.47199, 0, 1, 0, -0.62932, 0, -0.582859, -57.342, 4, -48.3647)

[node name="PlatformSpiralLarge6" parent="RampageAct/Arena/Platforms" instance=ExtResource("15_cv5kw")]
transform = Transform3D(0.707107, 0, -0.707107, 0, 1, 0, 0.707107, 0, 0.707107, -51.333, 6, -54.7168)

[node name="PlatformSpiralLarge7" parent="RampageAct/Arena/Platforms" instance=ExtResource("15_cv5kw")]
transform = Transform3D(0.540241, 0, -0.841511, 0, 1, 0, 0.841511, 0, 0.540241, -40.5021, 6, -63.1552)

[node name="PlatformSpiralSmall5" parent="RampageAct/Arena/Platforms" instance=ExtResource("14_cv5kw")]
transform = Transform3D(0.965926, 0, 0.258819, 0, 1, 0, -0.258819, 0, 0.965926, -14.235, 1, -53.126)

[node name="PlatformSpiralSmall6" parent="RampageAct/Arena/Platforms" instance=ExtResource("14_cv5kw")]
transform = Transform3D(0.984808, 0, -0.173648, 0, 1, 0, 0.173648, 0, 0.984808, 11.2871, 8, -64.0125)

[node name="BonePillar1" parent="RampageAct/Arena/Platforms" instance=ExtResource("14_jikjh")]
transform = Transform3D(0.173648, 0, 0.984808, 0, 1, 0, -0.984808, 0, 0.173648, 10.2452, -10, -58.1036)

[node name="BonePillar2" parent="RampageAct/Arena/Platforms" instance=ExtResource("14_jikjh")]
transform = Transform3D(0.173648, 0, 0.984808, 0, 1, 0, -0.984808, 0, 0.173648, 12.329, -10, -69.9214)

[node name="PlatformSpiralSmall7" parent="RampageAct/Arena/Platforms" instance=ExtResource("14_cv5kw")]
transform = Transform3D(0.866025, 0, -0.5, 0, 1, 0, 0.5, 0, 0.866025, 30.8511, 1, -66.1605)

[node name="PlatformSpiralSmall9" parent="RampageAct/Arena/Platforms" instance=ExtResource("14_cv5kw")]
transform = Transform3D(0.754709, 0, -0.656059, 0, 1, 0, 0.656059, 0, 0.754709, 37.4911, 2, -41.6101)

[node name="PlatformSpiralSmall8" parent="RampageAct/Arena/Platforms" instance=ExtResource("14_cv5kw")]
transform = Transform3D(0.754709, 0, -0.656059, 0, 1, 0, 0.656059, 0, 0.754709, 36.7393, 1, -42.2637)

[node name="BonePillar3" parent="RampageAct/Arena/Platforms" instance=ExtResource("14_jikjh")]
transform = Transform3D(0.438371, 0, -0.898794, 0, 1, 0, 0.898794, 0, 0.438371, 52.13, -12, -25.4255)

[node name="BonePillar4" parent="RampageAct/Arena/Platforms" instance=ExtResource("14_jikjh")]
transform = Transform3D(0.438371, 0, -0.898794, 0, 1, 0, 0.898794, 0, 0.438371, 64.7131, -12, -31.5627)

[node name="PlatformSpiralLarge8" parent="RampageAct/Arena/Platforms" instance=ExtResource("15_cv5kw")]
transform = Transform3D(0.438371, 0, -0.898794, 0, 1, 0, 0.898794, 0, 0.438371, 58.4216, 6.5, -28.4941)

[node name="Enemies" type="Node3D" parent="RampageAct/Arena"]

[node name="Rings1" type="Node3D" parent="RampageAct/Arena"]
transform = Transform3D(-0.75777, 0, 0.652522, 0, 1, 0, -0.652522, 0, -0.75777, 72, 0.7, 6)
script = ExtResource("6_yf0ya")
Source = ExtResource("7_w7ftd")
Amount = 4
Shape = 0
Orientation = 0
Spacing = 4.0
"Horizontal Offset" = SubResource("Curve_1ie6k")
"Vertical Offset" = null
metadata/_custom_type_script = "uid://dd24u7rlj0dwl"

[node name="Child01" parent="RampageAct/Arena/Rings1" instance=ExtResource("7_w7ftd")]

[node name="Child02" parent="RampageAct/Arena/Rings1" instance=ExtResource("7_w7ftd")]
transform = Transform3D(1, 0, 0, 0, 1, 0, 0, 0, 1, -0.0349706, 0, -4)

[node name="Child03" parent="RampageAct/Arena/Rings1" instance=ExtResource("7_w7ftd")]
transform = Transform3D(1, 0, 0, 0, 1, 0, 0, 0, 1, -0.292163, 0, -8)

[node name="Child04" parent="RampageAct/Arena/Rings1" instance=ExtResource("7_w7ftd")]
transform = Transform3D(1, 0, 0, 0, 1, 0, 0, 0, 1, -1, 0, -12)

[node name="Rings2" type="Node3D" parent="RampageAct/Arena"]
transform = Transform3D(1, 0, 0, 0, 1, 0, 0, 0, 1, 47, 0.7, 45)
script = ExtResource("6_yf0ya")
Source = ExtResource("7_w7ftd")
Amount = 3
Shape = 2
Path = NodePath("../../../Static/Path/ArenaPath")
"Path Progress Offset" = 0.0
"Disable Path Y" = false
Spacing = 4.0
"Horizontal Offset" = null
"Vertical Offset" = null
metadata/_custom_type_script = "uid://dd24u7rlj0dwl"

[node name="Child01" parent="RampageAct/Arena/Rings2" instance=ExtResource("7_w7ftd")]
transform = Transform3D(1, 0, 0, 0, 1, 0, 0, 0, 1, 0, 0, 6.10352e-05)

[node name="Child02" parent="RampageAct/Arena/Rings2" instance=ExtResource("7_w7ftd")]
transform = Transform3D(1, 0, 0, 0, 1, 0, 0, 0, 1, -2.85657, 0, 2.80579)

[node name="Child03" parent="RampageAct/Arena/Rings2" instance=ExtResource("7_w7ftd")]
transform = Transform3D(1, 0, 0, 0, 1, 0, 0, 0, 1, -5.87915, 0, 5.43164)

[connection signal="Activated" from="Static/Trigger/ArenaEntranceTriggers/ArenaPath" to="Static/Collision/OneWayWall" method="Activate"]
[connection signal="Activated" from="Static/Trigger/ArenaEntranceTriggers/ArenaPath" to="Static/Collision/EntranceOneWayWall" method="Deactivate"]

[editable path="Static"]
[editable path="Static/Collision"]
[editable path="RampageAct/Arena/Sickles/Sickle16"]
[editable path="RampageAct/Arena/Sickles/Sickle16/SickleBase"]
[editable path="RampageAct/Arena/Sickles/Sickle16/Root/SickleHead"]
