[gd_scene load_steps=4 format=2]

[ext_resource path="res://object/enemy/majin/resource/blue/BlueMajin.tscn" type="PackedScene" id=1]
[ext_resource path="res://object/enemy/majin/resource/blue/material/SandOasis.mesh" type="ArrayMesh" id=4]

[sub_resource type="Skin" id=2]
resource_name = "Skin"
bind_count = 25
bind/0/name = "Root"
bind/0/bone = -1
bind/0/pose = Transform( 1, 0, 0, 0, 0, -1, 0, 1, 0, 3.75754e-20, 3.97512e-06, 0 )
bind/1/name = "Chest"
bind/1/bone = -1
bind/1/pose = Transform( 1, 4.37116e-08, -4.37115e-08, -4.37115e-08, 1, 3.45707e-06, 4.37116e-08, -3.48133e-06, 1, -4.7427e-08, -1.085, -1.9787e-07 )
bind/2/name = "Head"
bind/2/bone = -1
bind/2/pose = Transform( 1, -1.07286e-07, 1.07285e-07, 1.07285e-07, 1, 4.34277e-06, -1.07286e-07, -4.36703e-06, 1, 2.01718e-07, -1.65, 1.26353e-06 )
bind/3/name = "Horn.L"
bind/3/bone = -1
bind/3/pose = Transform( 0.57303, -0.707331, 0.413907, 0.70733, 0.171784, -0.685693, 0.41391, 0.685692, 0.598753, 1.22489, -0.572585, -1.50248 )
bind/4/name = "Horn.R"
bind/4/bone = -1
bind/4/pose = Transform( 0.573029, 0.707332, -0.413908, -0.70733, 0.171783, -0.685693, -0.41391, 0.685691, 0.598754, -1.22489, -0.572583, -1.50248 )
bind/5/name = "Feather"
bind/5/bone = -1
bind/5/pose = Transform( 1, 3.16887e-07, -2.29829e-07, -3.16886e-07, 0.310596, -0.950542, -2.2983e-07, 0.950542, 0.310596, -8.02438e-07, -0.785654, -2.16295 )
bind/6/name = "Mouth"
bind/6/bone = -1
bind/6/pose = Transform( 1, 2.46554e-06, 8.13051e-07, 8.13049e-07, -0.594845, 0.80384, 2.46554e-06, -0.80384, -0.594845, -4.26929e-06, 1.21943, 1.39907 )
bind/7/name = "Shoulder.R"
bind/7/bone = -1
bind/7/pose = Transform( 0.0219649, -3.163e-08, -0.999759, -0.999759, 2.97163e-10, -0.0219649, 1.87457e-09, 1, -5.94516e-08, 0.0105495, -0.479884, -1.625 )
bind/8/name = "Arm.R"
bind/8/bone = -1
bind/8/pose = Transform( -0.0109906, -1.24387e-07, -0.99994, -0.99994, -1.24216e-07, 0.0109906, -1.24693e-07, 1, -1.5085e-07, -0.0191399, -0.900692, -1.625 )
bind/9/name = "Shoulder.L"
bind/9/bone = -1
bind/9/pose = Transform( 0.0223491, 5.12659e-07, 0.99975, 0.99975, -5.67659e-07, -0.0223491, 5.56002e-07, 1, -5.52709e-07, -0.0107343, -0.479879, -1.625 )
bind/10/name = "Arm.L"
bind/10/bone = -1
bind/10/pose = Transform( -0.0106158, 0.000110415, 0.999944, 0.999944, -0.000109249, 0.0106158, 0.000110415, 1, -0.000109276, 0.0187852, -0.900517, -1.6251 )
bind/11/name = "Hip"
bind/11/bone = -1
bind/11/pose = Transform( 1, -4.37113e-08, -4.37114e-08, -4.37114e-08, -1, -3.57628e-06, -4.37113e-08, 3.58983e-06, -1, 4.74269e-08, 1.085, 8.0156e-08 )
bind/12/name = "Tail01"
bind/12/bone = -1
bind/12/pose = Transform( 1, -4.37112e-08, -4.37114e-08, -4.37114e-08, -1, -3.60644e-06, -4.37112e-08, 3.61999e-06, -1, 4.74269e-08, 0.645, 6.07001e-08 )
bind/13/name = "Tail02"
bind/13/bone = -1
bind/13/pose = Transform( 1, 1.36155e-07, 1.36155e-07, 1.36155e-07, -1, -4.46966e-06, 1.36155e-07, 4.4832e-06, -1, -4.73442e-09, 0.29, -1.89632e-07 )
bind/14/name = "Tail03"
bind/14/bone = -1
bind/14/pose = Transform( 1, 2.32771e-07, 2.32772e-07, 2.32772e-07, -1, -3.04526e-06, 2.32771e-07, 3.05881e-06, -1, -1.06757e-08, 0.0614927, -1.02042e-07 )
bind/15/name = "Elbow.L"
bind/15/bone = -1
bind/15/pose = Transform( 1, 0, 0, 0, 1, 0, 0, 0, 1, -0.900845, -1.625, -1 )
bind/16/name = "Elbow.R"
bind/16/bone = -1
bind/16/pose = Transform( 1, 0, 0, 0, 1, 0, 0, 0, 1, 0.900845, -1.625, -1 )
bind/17/name = "HandController.R"
bind/17/bone = -1
bind/17/pose = Transform( 1, 0, 0, 0, 2.38419e-07, -1, 0, 1, 2.38419e-07, 1.86975, 0.000884008, -1.62489 )
bind/18/name = "Hand.R"
bind/18/bone = -1
bind/18/pose = Transform( 0.00440368, 0.00939866, -0.999946, -0.98883, 0.149019, -0.00295407, 0.148983, 0.98879, 0.00994992, -0.00562935, -2.09102, -1.32824 )
bind/19/name = "Fingers.R"
bind/19/bone = -1
bind/19/pose = Transform( 0.00175104, -0.0122915, -0.999923, -0.999923, -0.0123122, -0.00159969, -0.0122915, 0.999849, -0.0123121, 0.0249257, -2.28409, -1.71868 )
bind/20/name = "Thumb.R"
bind/20/bone = -1
bind/20/pose = Transform( -0.125096, -0.723844, -0.678529, -0.678528, -0.436539, 0.590789, -0.723844, 0.534306, -0.43654, 1.01554, -0.697031, -2.18843 )
bind/21/name = "HandController.L"
bind/21/bone = -1
bind/21/pose = Transform( 1, 0, 0, 0, 2.38419e-07, -1, 0, 1, 2.38419e-07, -1.86975, 0.000884008, -1.62489 )
bind/22/name = "Hand.L"
bind/22/bone = -1
bind/22/pose = Transform( 0.00440367, -0.00939864, 0.999946, 0.98883, 0.149019, -0.00295396, -0.148983, 0.98879, 0.00994988, 0.00615367, -2.09101, -1.32813 )
bind/23/name = "Fingers.L"
bind/23/bone = -1
bind/23/pose = Transform( 0.0030338, 0.012609, 0.999916, 0.999916, -0.0126463, -0.00287422, 0.012609, 0.99984, -0.0126463, -0.0278927, -2.28351, -1.7193 )
bind/24/name = "Thumb.L"
bind/24/bone = -1
bind/24/pose = Transform( -0.12511, 0.723846, 0.678524, 0.678524, -0.436532, 0.5908, 0.723846, 0.534309, -0.436532, -1.01508, -0.696768, -2.18862 )

[node name="BlueMajin" instance=ExtResource( 1 )]

[node name="BlueMajin" type="Spatial" parent="." index="0"]

[node name="Majin" type="Spatial" parent="BlueMajin" index="0"]

[node name="Skeleton" type="Skeleton" parent="BlueMajin/Majin" index="0"]
bones/0/name = "Root"
bones/0/parent = -1
bones/0/rest = Transform( 1, 0, 0, 0, 0, 1, 0, -1, 0, -3.75754e-20, 0, 3.97512e-06 )
bones/0/enabled = true
bones/0/bound_children = [  ]
bones/1/name = "Chest"
bones/1/parent = 0
bones/1/rest = Transform( 1, -4.37115e-08, 4.37116e-08, 4.37115e-08, -3.33786e-06, -1, 4.37116e-08, 1, -3.33786e-06, 0, 0, 1.085 )
bones/1/enabled = true
bones/1/bound_children = [  ]
bones/2/name = "Head"
bones/2/parent = 1
bones/2/rest = Transform( 1, 1.50997e-07, -1.50997e-07, -1.50997e-07, 1, -8.85697e-07, 1.50997e-07, 8.85697e-07, 1, -2.7034e-14, 0.565, 2.26294e-13 )
bones/2/enabled = true
bones/2/bound_children = [  ]
bones/3/name = "Horn.L"
bones/3/parent = 2
bones/3/rest = Transform( 0.57303, 0.707329, 0.41391, -0.707329, 0.17178, 0.685694, 0.41391, -0.685694, 0.59875, 0.325, 0.345, -1.94329e-07 )
bones/3/enabled = true
bones/3/bound_children = [  ]
bones/4/name = "Horn.R"
bones/4/parent = 2
bones/4/rest = Transform( 0.573029, -0.70733, -0.41391, 0.70733, 0.171779, 0.685694, -0.413911, -0.685693, 0.598751, -0.325, 0.345, 2.12659e-07 )
bones/4/enabled = true
bones/4/bound_children = [  ]
bones/5/name = "Feather"
bones/5/parent = 2
bones/5/rest = Transform( 1, -4.52187e-07, -2.98487e-07, 4.24171e-07, 0.310592, 0.950543, -3.37116e-07, -0.950543, 0.310592, 3.27835e-09, 0.65, -0.075 )
bones/5/enabled = true
bones/5/bound_children = [  ]
bones/6/name = "Mouth"
bones/6/parent = 2
bones/6/rest = Transform( 1, 9.63107e-07, 2.48796e-06, 2.57282e-06, -0.594842, -0.803843, 7.05755e-07, 0.803843, -0.594842, -1.84266e-07, 0.2, -0.148 )
bones/6/enabled = true
bones/6/bound_children = [  ]
bones/7/name = "Shoulder.R"
bones/7/parent = 1
bones/7/rest = Transform( 0.0223736, -0.99975, -7.60257e-05, -3.37064e-05, -7.67708e-05, 1, -0.99975, -0.0223736, -3.54052e-05, -0.48, 0.54, 4.55183e-07 )
bones/7/enabled = true
bones/7/bound_children = [  ]
bones/8/name = "Arm.R"
bones/8/parent = 7
bones/8/rest = Transform( 0.999455, -0.0329955, 8.85891e-08, 0.0329955, 0.999455, 1.28715e-07, -9.27879e-08, -1.25722e-07, 1, -2.78486e-10, 0.420949, -2.39558e-07 )
bones/8/enabled = true
bones/8/bound_children = [  ]
bones/9/name = "Shoulder.L"
bones/9/parent = 1
bones/9/rest = Transform( 0.0223178, 0.999751, 6.25849e-07, 3.35276e-05, -1.3113e-06, 1, 0.999751, -0.0223178, -3.34978e-05, 0.48, 0.54, 4.20228e-08 )
bones/9/enabled = true
bones/9/bound_children = [  ]
bones/10/name = "Arm.L"
bones/10/parent = 9
bones/10/rest = Transform( 0.999458, 0.0329162, -0.000106246, -0.0329162, 0.999458, 0.000112109, 0.000109879, -0.000108551, 1, 2.33052e-09, 0.42095, 1.4844e-07 )
bones/10/enabled = true
bones/10/bound_children = [  ]
bones/11/name = "Hip"
bones/11/parent = 0
bones/11/rest = Transform( 1, -4.37114e-08, -4.37113e-08, 4.37114e-08, 3.51667e-06, 1, -4.37113e-08, -1, 3.51667e-06, -3.55262e-15, -1.55294e-22, 1.085 )
bones/11/enabled = true
bones/11/bound_children = [  ]
bones/12/name = "Tail01"
bones/12/parent = 11
bones/12/rest = Transform( 1, 6.13516e-14, 5.67762e-14, -6.13516e-14, 1, -3.01645e-08, -5.67762e-14, 3.01645e-08, 1, -1.68616e-15, 0.44, -2.26533e-13 )
bones/12/enabled = true
bones/12/bound_children = [  ]
bones/13/name = "Tail02"
bones/13/parent = 12
bones/13/rest = Transform( 1, 1.79867e-07, 1.79866e-07, -1.79866e-07, 1, -8.63213e-07, -1.79866e-07, 8.63213e-07, 1, -2.3561e-15, 0.355, 1.51899e-15 )
bones/13/enabled = true
bones/13/bound_children = [  ]
bones/14/name = "Tail03"
bones/14/parent = 13
bones/14/rest = Transform( 1, 9.66171e-08, 9.66166e-08, -9.66172e-08, 1, 1.42439e-06, -9.66165e-08, -1.42439e-06, 1, -3.38252e-15, 0.228507, -2.89171e-14 )
bones/14/enabled = true
bones/14/bound_children = [  ]
bones/15/name = "Elbow.L"
bones/15/parent = 0
bones/15/rest = Transform( 1, 0, 0, 0, 0, -1, 0, 1, 0, 0.900845, -0.999996, 1.625 )
bones/15/enabled = true
bones/15/bound_children = [  ]
bones/16/name = "Elbow.R"
bones/16/parent = 0
bones/16/rest = Transform( 1, 0, 0, 0, 0, -1, 0, 1, 0, -0.900845, -0.999996, 1.625 )
bones/16/enabled = true
bones/16/bound_children = [  ]
bones/17/name = "HandController.R"
bones/17/parent = 0
bones/17/rest = Transform( 1, 0, 0, 0, 1, -2.38419e-07, 0, 2.38419e-07, 1, -1.86975, -0.00088042, 1.62489 )
bones/17/enabled = true
bones/17/bound_children = [  ]
bones/18/name = "Hand.R"
bones/18/parent = 17
bones/18/rest = Transform( 0.00440371, -0.98883, 0.148983, 0.999946, 0.00295413, -0.00994967, 0.00939842, 0.149019, 0.98879, 2.45014e-07, -0.000522085, 0.000104909 )
bones/18/enabled = true
bones/18/bound_children = [  ]
bones/19/name = "Fingers.R"
bones/19/parent = 18
bones/19/rest = Transform( 0.999761, -0.00291945, 0.0216546, -0.000609307, 0.986924, 0.161187, -0.021842, -0.161162, 0.986686, 2.74259e-09, 0.440249, -1.05392e-07 )
bones/19/enabled = true
bones/19/bound_children = [  ]
bones/20/name = "Thumb.R"
bones/20/parent = 18
bones/20/rest = Transform( 0.671138, -0.597849, 0.43835, 0.0178367, 0.604152, 0.79667, -0.741118, -0.526857, 0.416133, -0.144616, 0.0554374, -0.0321571 )
bones/20/enabled = true
bones/20/bound_children = [  ]
bones/21/name = "HandController.L"
bones/21/parent = 0
bones/21/rest = Transform( 1, 0, 0, 0, 1, -2.38419e-07, 0, 2.38419e-07, 1, 1.86975, -0.00088042, 1.62489 )
bones/21/enabled = true
bones/21/bound_children = [  ]
bones/22/name = "Hand.L"
bones/22/parent = 21
bones/22/rest = Transform( 0.00440371, 0.98883, -0.148983, -0.999946, 0.00295413, -0.00994964, -0.00939839, 0.149019, 0.98879, -2.35757e-07, -2.6383e-10, -3.53136e-08 )
bones/22/enabled = true
bones/22/bound_children = [  ]
bones/23/name = "Fingers.L"
bones/23/parent = 22
bones/23/rest = Transform( 0.999757, 0.00164798, -0.0219873, 0.00192508, 0.986871, 0.1615, 0.0219648, -0.161504, 0.986628, 3.19689e-10, 0.440249, -2.77023e-08 )
bones/23/enabled = true
bones/23/bound_children = [  ]
bones/24/name = "Thumb.L"
bones/24/parent = 22
bones/24/rest = Transform( 0.671133, 0.597859, -0.438343, -0.01785, 0.604148, 0.796672, 0.741122, -0.526849, 0.416136, 0.144612, 0.055437, -0.0321577 )
bones/24/enabled = true
bones/24/bound_children = [  ]

[node name="Mesh" type="MeshInstance" parent="BlueMajin/Majin/Skeleton" index="0"]
mesh = ExtResource( 4 )
skin = SubResource( 2 )
material/0 = null
material/1 = null
material/2 = null

[node name="AnimationTree" parent="." index="3"]
active = false

[node name="AnimationPlayer" parent="." index="4"]
root_node = NodePath("../BlueMajin")
autoplay = "idle-loop"
