[gd_scene load_steps=3 format=3 uid="uid://8hi2u5lp8ujo"]

[ext_resource type="PackedScene" uid="uid://c075eka7k1bjh" path="res://area/2 dino jungle/act 1/environment/model/03Cave.gltf" id="1_bt5xc"]
[ext_resource type="Script" uid="uid://kvlmbv66orqt" path="res://object/trigger/modules/CullingTrigger.cs" id="2_7bcra"]

[node name="03Cave" instance=ExtResource("1_bt5xc")]
script = ExtResource("2_7bcra")
saveVisibilityOnCheckpoint = true
isStageVisuals = true

[node name="stg020_a03_Mesh_0001" parent="." index="0"]
layers = 4
cast_shadow = 0
gi_mode = 1

[node name="stg020_a03_Mesh_0002" parent="." index="1"]
layers = 4
cast_shadow = 0
gi_mode = 1

[node name="stg020_o03_Mesh_0008" parent="." index="2"]
layers = 4
cast_shadow = 0
gi_mode = 1

[node name="stg020_o03_Mesh_0012" parent="." index="3"]
layers = 4
gi_mode = 1

[node name="stg020_o03_Mesh_0013" parent="." index="4"]
layers = 4
gi_mode = 1

[node name="stg020_o03_Mesh_0015" parent="." index="5"]
layers = 4
cast_shadow = 0
gi_mode = 1

[node name="stg020_o03_Mesh_0016" parent="." index="6"]
layers = 4
cast_shadow = 0
gi_mode = 1

[node name="stg020_o03_Mesh_0021" parent="." index="7"]
layers = 4
cast_shadow = 0
gi_mode = 1

[node name="stg020_p03_Mesh_0000" parent="." index="8"]
layers = 4
cast_shadow = 0
gi_mode = 1

[node name="stg020_p03_Mesh_0002" parent="." index="9"]
layers = 4
gi_mode = 1

[node name="stg020_p03_Mesh_0003" parent="." index="10"]
layers = 4
cast_shadow = 2
gi_mode = 1

[node name="stg020_p03_Mesh_0004" parent="." index="11"]
layers = 4
gi_mode = 1

[node name="stg020_p03_Mesh_0006" parent="." index="12"]
layers = 4
gi_mode = 1

[node name="stg020_p03_Mesh_0007" parent="." index="13"]
layers = 4
gi_mode = 1

[node name="stg020_p03_Mesh_0008" parent="." index="14"]
layers = 4
gi_mode = 1

[node name="stg020_falls_w_11_Mesh_0000" parent="." index="15"]
layers = 4
cast_shadow = 0
gi_mode = 1

[node name="stg020_ripple_k_03_Mesh_0000" parent="." index="16"]
layers = 4
cast_shadow = 0
gi_mode = 1

[node name="stg020_w03_Mesh_0000" parent="." index="17"]
layers = 12
cast_shadow = 0
gi_mode = 1

[node name="SpotLight3D" type="SpotLight3D" parent="." index="18"]
transform = Transform3D(-0.0074957, -0.648644, 0.761055, -0.145774, 0.753655, 0.640901, -0.98929, -0.106138, -0.100205, -294.322, -162.147, -661.25)
light_color = Color(1, 0.831373, 0.552941, 1)
light_energy = 2.0
light_cull_mask = 4293918789
spot_range = 150.0
spot_attenuation = 9.91516e-05
spot_angle = 25.0
spot_angle_attenuation = 5.0

[node name="SpotLight3D2" type="SpotLight3D" parent="." index="19"]
transform = Transform3D(0.236806, -0.602408, 0.762252, -0.145774, 0.753655, 0.640901, -0.960559, -0.262885, 0.0906544, -294.322, -162.147, -735.493)
light_color = Color(1, 0.831373, 0.552941, 1)
light_energy = 2.0
light_cull_mask = 4293918789
spot_range = 150.0
spot_attenuation = 0.000488281
spot_angle = 14.0

[node name="SpotLight3D3" type="SpotLight3D" parent="." index="20"]
transform = Transform3D(-0.611849, -0.753103, 0.241819, -0.120568, 0.390949, 0.912481, -0.781731, 0.529146, -0.330002, -399.559, -162.147, -829.82)
light_color = Color(1, 0.831373, 0.552941, 1)
light_energy = 2.0
light_cull_mask = 4293918789
spot_range = 150.0
spot_attenuation = 0.00124469
spot_angle = 10.0
