[gd_scene load_steps=15 format=3 uid="uid://cgq7hgxh4d6eq"]

[ext_resource type="PackedScene" uid="uid://dpw86wjdw8trm" path="res://area/2 dino jungle/act 1/environment/model/05Crossing.gltf" id="1_6qv6k"]
[ext_resource type="Script" uid="uid://kvlmbv66orqt" path="res://object/trigger/modules/CullingTrigger.cs" id="2_os26k"]
[ext_resource type="Material" uid="uid://ev5ys13lygcu" path="res://effect/particle/material/environment/Water Splatter.tres" id="3_5tgt3"]
[ext_resource type="Texture2D" uid="uid://7pafelkxhvjj" path="res://area/2 dino jungle/data/texture/blob_shadow.png" id="3_iayqa"]
[ext_resource type="Material" uid="uid://ckyg4aygq0uan" path="res://area/1 sand oasis/data/particle/material/Water Dust.tres" id="4_4e3lo"]

[sub_resource type="Curve" id="Curve_adhss"]
_data = [Vector2(0, 0), 0.0, 8.26422, 0, 0, Vector2(0.315451, 1), 0.0, 0.0, 0, 0, Vector2(1, 0), 0.0, 0.0, 0, 0]
point_count = 3

[sub_resource type="CurveTexture" id="CurveTexture_4ccka"]
width = 64
texture_mode = 1
curve = SubResource("Curve_adhss")

[sub_resource type="Curve" id="Curve_rk8op"]
_limits = [0.0, 3.0, 0.0, 1.0]
_data = [Vector2(0, 1), 0.0, -0.156841, 0, 0, Vector2(0.9, 3), 2.22222, 0.0, 1, 0]
point_count = 2

[sub_resource type="CurveTexture" id="CurveTexture_mqtbg"]
width = 64
curve = SubResource("Curve_rk8op")

[sub_resource type="ParticleProcessMaterial" id="ParticleProcessMaterial_wiymy"]
lifetime_randomness = 0.5
emission_shape = 3
emission_box_extents = Vector3(5, 1, 5)
angle_max = 360.0
direction = Vector3(0, -0.2, 1)
spread = 20.0
initial_velocity_min = 20.0
initial_velocity_max = 30.0
scale_min = 2.0
scale_max = 3.0
scale_curve = SubResource("CurveTexture_mqtbg")
alpha_curve = SubResource("CurveTexture_4ccka")

[sub_resource type="QuadMesh" id="QuadMesh_05qu3"]
material = ExtResource("3_5tgt3")

[sub_resource type="ParticleProcessMaterial" id="ParticleProcessMaterial_ic73j"]
lifetime_randomness = 0.5
emission_shape = 3
emission_box_extents = Vector3(5, 1, 5)
angle_max = 360.0
direction = Vector3(0, 1, 0.5)
spread = 50.0
initial_velocity_min = 15.0
initial_velocity_max = 30.0
gravity = Vector3(0, -20, 0)
damping_min = 15.0
damping_max = 30.0
scale_min = 2.0
scale_max = 3.0
scale_curve = SubResource("CurveTexture_mqtbg")
alpha_curve = SubResource("CurveTexture_4ccka")

[sub_resource type="ParticleProcessMaterial" id="ParticleProcessMaterial_aq6yt"]
lifetime_randomness = 0.5
emission_shape = 3
emission_box_extents = Vector3(8, 1, 1)
angle_max = 360.0
direction = Vector3(0, 1, 0.5)
spread = 50.0
initial_velocity_min = 5.0
initial_velocity_max = 10.0
gravity = Vector3(0, -20, 0)
damping_min = 15.0
damping_max = 30.0
scale_min = 8.0
scale_max = 15.0
scale_curve = SubResource("CurveTexture_mqtbg")
alpha_curve = SubResource("CurveTexture_4ccka")

[sub_resource type="QuadMesh" id="QuadMesh_wfyat"]
material = ExtResource("4_4e3lo")

[node name="05Crossing" instance=ExtResource("1_6qv6k")]
script = ExtResource("2_os26k")
saveVisibilityOnCheckpoint = true
isStageVisuals = true

[node name="stg020_p22_Mesh_24" parent="." index="0"]
layers = 2
cast_shadow = 0

[node name="stg020_o22_Mesh_6" parent="." index="1"]
layers = 2
cast_shadow = 0

[node name="stg020_o22_Mesh_16" parent="." index="2"]
layers = 2
cast_shadow = 0

[node name="stg020_p22_Mesh_36" parent="." index="3"]
layers = 2
cast_shadow = 0

[node name="stg020_o22_Mesh_11" parent="." index="4"]
layers = 2
cast_shadow = 0

[node name="stg020_o22_Mesh_8" parent="." index="5"]
layers = 2
cast_shadow = 0

[node name="stg020_p21_Mesh_0" parent="." index="6"]
layers = 2
cast_shadow = 0

[node name="stg020_o21_Mesh_12" parent="." index="7"]
layers = 2
cast_shadow = 0

[node name="stg020_p21_Mesh_44" parent="." index="8"]
layers = 2
cast_shadow = 0

[node name="stg020_p21_Mesh_27" parent="." index="9"]
layers = 2
cast_shadow = 0

[node name="stg020_p21_Mesh_52" parent="." index="10"]
layers = 2
cast_shadow = 0

[node name="stg020_p22_Mesh_8" parent="." index="11"]
layers = 2
cast_shadow = 0

[node name="stg020_p22_Mesh_1" parent="." index="12"]
layers = 2
cast_shadow = 0

[node name="stg020_o22_Mesh_2" parent="." index="13"]
layers = 2
cast_shadow = 0

[node name="stg020_p22_Mesh_32" parent="." index="14"]
layers = 2
cast_shadow = 2

[node name="stg020_p22_Mesh_4" parent="." index="15"]
layers = 2
cast_shadow = 2

[node name="stg020_p22_Mesh_33" parent="." index="16"]
layers = 2
cast_shadow = 0

[node name="stg020_p22_Mesh_20" parent="." index="17"]
layers = 2
cast_shadow = 2

[node name="stg020_p22_Mesh_5" parent="." index="18"]
layers = 2
cast_shadow = 0

[node name="stg020_p22_Mesh_11" parent="." index="19"]
layers = 2
cast_shadow = 0

[node name="stg020_p22_Mesh_29" parent="." index="20"]
layers = 2
cast_shadow = 0

[node name="stg020_p22_Mesh_6" parent="." index="21"]
layers = 2
cast_shadow = 2

[node name="stg020_o22_Mesh_20" parent="." index="22"]
layers = 2
cast_shadow = 0

[node name="stg020_o22_Mesh_23" parent="." index="23"]
layers = 2
cast_shadow = 0

[node name="stg020_p21_Mesh_35" parent="." index="24"]
layers = 2
cast_shadow = 0

[node name="stg020_p21_Mesh_13" parent="." index="25"]
layers = 2
cast_shadow = 0

[node name="stg020_p21_Mesh_30" parent="." index="26"]
layers = 2
cast_shadow = 0

[node name="stg020_p21_Mesh_7" parent="." index="27"]
layers = 2
cast_shadow = 2

[node name="stg020_falls_w_22_Mesh_0" parent="." index="28"]
layers = 2
cast_shadow = 0

[node name="stg020_w22_Mesh_0" parent="." index="29"]
layers = 2
cast_shadow = 0

[node name="stg020_ripple_k_21_Mesh_10" parent="." index="30"]
layers = 2
cast_shadow = 0

[node name="EnvironmentReflectionProbe" type="ReflectionProbe" parent="." index="31"]
transform = Transform3D(1, 0, 0, 0, 1, 0, 0, 0, 1, -252.216, -226.955, -1191.01)
layers = 1024
size = Vector3(940.447, 197.046, 768.032)
interior = true
cull_mask = 2
ambient_mode = 2
ambient_color = Color(0.72549, 0.839216, 1, 1)
ambient_color_energy = 0.5

[node name="ObjectReflectionProbe" type="ReflectionProbe" parent="." index="32"]
transform = Transform3D(1, 0, 0, 0, 1, 0, 0, 0, 1, -252.216, -226.955, -1191.01)
layers = 1024
size = Vector3(940.447, 197.046, 768.032)
interior = true
cull_mask = 65
ambient_mode = 2
ambient_color = Color(0.78, 0.882667, 1, 1)
ambient_color_energy = 0.2

[node name="RiverVFX1" type="Node3D" parent="." index="33"]
transform = Transform3D(1.31134e-07, 0, -1, 1.03184e-12, 1, -2.0659e-12, 1, -1.03184e-12, 1.31134e-07, -324.329, -206.9, -915.41)

[node name="SplatterTop" type="GPUParticles3D" parent="RiverVFX1" index="0"]
transform = Transform3D(1, 0, 0, 0, 1, 8.1531e-20, 0, 0, 1, 0, 0, 0)
layers = 32
cast_shadow = 0
amount = 48
fixed_fps = 0
interpolate = false
visibility_aabb = AABB(-8, -15, -4, 16, 20, 20)
local_coords = true
process_material = SubResource("ParticleProcessMaterial_wiymy")
draw_pass_1 = SubResource("QuadMesh_05qu3")

[node name="SplatterBottom" type="GPUParticles3D" parent="RiverVFX1" index="1"]
transform = Transform3D(1, 0, 0, 0, 1, 8.1531e-20, 0, 0, 1, 0, -73, 24)
layers = 32
cast_shadow = 0
amount = 32
fixed_fps = 0
interpolate = false
visibility_aabb = AABB(-8, -15, -4, 16, 20, 20)
local_coords = true
process_material = SubResource("ParticleProcessMaterial_ic73j")
draw_pass_1 = SubResource("QuadMesh_05qu3")

[node name="DustBottom" type="GPUParticles3D" parent="RiverVFX1" index="2"]
transform = Transform3D(1, 0, 0, 0, 1, 8.1531e-20, 0, 0, 1, 0, -74, 24)
layers = 32
cast_shadow = 0
amount = 16
lifetime = 0.5
fixed_fps = 0
interpolate = false
visibility_aabb = AABB(-8, -15, -4, 16, 20, 20)
local_coords = true
process_material = SubResource("ParticleProcessMaterial_aq6yt")
draw_pass_1 = SubResource("QuadMesh_wfyat")

[node name="RiverVFX2" type="Node3D" parent="." index="34"]
transform = Transform3D(-0.866025, 0, -0.5, 5.1592e-13, 1, -2.9595e-12, 0.5, -1.03184e-12, -0.866025, -297.539, -208.9, -951.462)

[node name="SplatterTop" type="GPUParticles3D" parent="RiverVFX2" index="0"]
transform = Transform3D(1, 0, 0, 0, 1, 8.1531e-20, 0, 0, 1, 0, 0, 0)
layers = 32
cast_shadow = 0
amount = 48
fixed_fps = 0
interpolate = false
visibility_aabb = AABB(-8, -15, -4, 16, 20, 20)
local_coords = true
process_material = SubResource("ParticleProcessMaterial_wiymy")
draw_pass_1 = SubResource("QuadMesh_05qu3")

[node name="SplatterBottom" type="GPUParticles3D" parent="RiverVFX2" index="1"]
transform = Transform3D(1, 0, 0, -1.0842e-19, 1, 2.1684e-19, 0, 0, 1, 0, -71, 24)
layers = 32
cast_shadow = 0
amount = 32
fixed_fps = 0
interpolate = false
visibility_aabb = AABB(-8, -15, -4, 16, 20, 20)
local_coords = true
process_material = SubResource("ParticleProcessMaterial_ic73j")
draw_pass_1 = SubResource("QuadMesh_05qu3")

[node name="DustBottom" type="GPUParticles3D" parent="RiverVFX2" index="2"]
transform = Transform3D(1, 0, 0, -1.0842e-19, 1, 2.1684e-19, 0, 0, 1, 0, -72, 24)
layers = 32
cast_shadow = 0
amount = 16
lifetime = 0.5
fixed_fps = 0
interpolate = false
visibility_aabb = AABB(-8, -15, -4, 16, 20, 20)
local_coords = true
process_material = SubResource("ParticleProcessMaterial_aq6yt")
draw_pass_1 = SubResource("QuadMesh_wfyat")

[node name="Decal" type="Decal" parent="." index="35"]
transform = Transform3D(0.946401, 0, -0.322993, 0, 1, 0, 0.322993, 0, 0.946401, -327.113, -274.785, -915.216)
size = Vector3(117.604, 87.096, 151.192)
texture_albedo = ExtResource("3_iayqa")
emission_energy = 0.0
normal_fade = 0.062
upper_fade = 0.116629
lower_fade = 0.147662
cull_mask = 67

[node name="Decal2" type="Decal" parent="." index="36"]
transform = Transform3D(0.946401, 0, -0.322993, 0, 1, 0, 0.322993, 0, 0.946401, -261.09, -271.02, -957.983)
size = Vector3(117.604, 87.096, 151.192)
texture_albedo = ExtResource("3_iayqa")
emission_energy = 0.0
normal_fade = 0.062
upper_fade = 0.116629
lower_fade = 0.147662
cull_mask = 67

[node name="BlobShadows" type="Node3D" parent="." index="37"]
transform = Transform3D(1, 0, 0, 0, 1, 0, 0, 0, 1, -360.63, -314.797, -978.551)

[node name="Decal" type="Decal" parent="BlobShadows" index="0"]
transform = Transform3D(0.465243, 0, -0.885182, 0, 1, 0, 0.885182, 0, 0.465243, -38.5889, 49.9001, 47.0618)
size = Vector3(5.62103, 3.27191, 5.70947)
texture_albedo = ExtResource("3_iayqa")
emission_energy = 0.0
albedo_mix = 0.62
upper_fade = 1.0
lower_fade = 6.72722e-05
distance_fade_enabled = true
distance_fade_length = 40.0
cull_mask = 2

[node name="Decal2" type="Decal" parent="BlobShadows" index="1"]
transform = Transform3D(0.465243, 0, -0.885182, 0, 1, 0, 0.885182, 0, 0.465243, -46.3737, 49.4342, 39.5903)
size = Vector3(5.62103, 5.92064, 5.70947)
texture_albedo = ExtResource("3_iayqa")
emission_energy = 0.0
albedo_mix = 0.69
normal_fade = 0.128
upper_fade = 1.0
lower_fade = 0.0642741
distance_fade_enabled = true
distance_fade_length = 40.0
cull_mask = 2

[node name="Decal3" type="Decal" parent="BlobShadows" index="2"]
transform = Transform3D(0.878049, 0, -0.478569, 0, 1, 0, 0.478569, 0, 0.878049, -33.143, 49.4342, 43.458)
size = Vector3(5.62103, 5.92064, 9.2019)
texture_albedo = ExtResource("3_iayqa")
emission_energy = 0.0
albedo_mix = 0.39
normal_fade = 0.128
upper_fade = 1.0
lower_fade = 0.0642741
distance_fade_enabled = true
distance_fade_length = 40.0
cull_mask = 2

[node name="Decal4" type="Decal" parent="BlobShadows" index="3"]
transform = Transform3D(0.425589, 0, -0.904916, 0, 1, 0, 0.904916, 0, 0.425589, -2.77264, 49.4342, 19.1949)
size = Vector3(8.07321, 5.92064, 6.01355)
texture_albedo = ExtResource("3_iayqa")
emission_energy = 0.0
albedo_mix = 0.74
normal_fade = 0.893
upper_fade = 1.0
lower_fade = 0.0642741
distance_fade_enabled = true
distance_fade_length = 40.0
cull_mask = 2

[node name="Decal5" type="Decal" parent="BlobShadows" index="4"]
transform = Transform3D(-0.953669, 0, -0.300855, 0, 1, 0, 0.300855, 0, -0.953669, -9.81372, 49.4342, 13.2575)
size = Vector3(8.07321, 5.92064, 6.01355)
texture_albedo = ExtResource("3_iayqa")
emission_energy = 0.0
albedo_mix = 0.74
normal_fade = 0.893
upper_fade = 1.0
lower_fade = 0.0642741
distance_fade_enabled = true
distance_fade_length = 40.0
cull_mask = 2

[node name="Decal6" type="Decal" parent="BlobShadows" index="5"]
transform = Transform3D(-0.953669, 0, -0.300855, 0, 1, 0, 0.300855, 0, -0.953669, -5.29742, 59.7014, 8.85211)
size = Vector3(6.10985, 5.92064, 6.01355)
texture_albedo = ExtResource("3_iayqa")
emission_energy = 0.0
albedo_mix = 0.74
normal_fade = 0.893
upper_fade = 1.0
lower_fade = 0.0642741
distance_fade_enabled = true
distance_fade_length = 40.0
cull_mask = 2

[node name="Decal7" type="Decal" parent="BlobShadows" index="6"]
transform = Transform3D(-0.953669, 0, -0.300855, 0, 1, 0, 0.300855, 0, -0.953669, -0.026001, 59.7014, 7.0011)
size = Vector3(6.10985, 5.92064, 6.01355)
texture_albedo = ExtResource("3_iayqa")
emission_energy = 0.0
albedo_mix = 0.74
normal_fade = 0.893
upper_fade = 1.0
lower_fade = 0.0642741
distance_fade_enabled = true
distance_fade_length = 40.0
cull_mask = 2

[node name="Decal8" type="Decal" parent="BlobShadows" index="7"]
transform = Transform3D(-0.880832, 0, -0.473427, 0, 1, 0, 0.473427, 0, -0.880832, 3.43094, 59.7014, 9.6626)
size = Vector3(6.10985, 5.92064, 8.72406)
texture_albedo = ExtResource("3_iayqa")
emission_energy = 0.0
albedo_mix = 0.74
normal_fade = 0.893
upper_fade = 1.0
lower_fade = 0.0642741
distance_fade_enabled = true
distance_fade_length = 40.0
cull_mask = 2

[node name="Decal9" type="Decal" parent="BlobShadows" index="8"]
transform = Transform3D(-0.880832, 0, -0.473427, 0, 1, 0, 0.473427, 0, -0.880832, 30.1558, 53.0645, 31.3452)
size = Vector3(8.58471, 5.92064, 8.65086)
texture_albedo = ExtResource("3_iayqa")
emission_energy = 0.0
albedo_mix = 0.74
normal_fade = 0.893
upper_fade = 1.0
lower_fade = 0.0642741
distance_fade_enabled = true
distance_fade_length = 40.0
cull_mask = 2

[node name="Decal10" type="Decal" parent="BlobShadows" index="9"]
transform = Transform3D(-0.999974, 0, -0.00703326, 0, 1, 0, 0.00703326, 0, -0.999974, 33.6585, 53.0645, 23.9213)
size = Vector3(12.3866, 5.92064, 8.65086)
texture_albedo = ExtResource("3_iayqa")
emission_energy = 0.0
albedo_mix = 0.74
normal_fade = 0.893
upper_fade = 1.0
lower_fade = 0.0642741
distance_fade_enabled = true
distance_fade_length = 40.0
cull_mask = 2

[node name="Decal11" type="Decal" parent="BlobShadows" index="10"]
transform = Transform3D(-0.999974, 0, -0.00703326, 0, 1, 0, 0.00703326, 0, -0.999974, 43.0084, 53.0645, 18.8335)
size = Vector3(8.14056, 5.92064, 8.65086)
texture_albedo = ExtResource("3_iayqa")
emission_energy = 0.0
albedo_mix = 0.74
normal_fade = 0.893
upper_fade = 1.0
lower_fade = 0.0642741
distance_fade_enabled = true
distance_fade_length = 40.0
cull_mask = 2

[node name="Decal12" type="Decal" parent="BlobShadows" index="11"]
transform = Transform3D(-0.999974, 0, -0.00703326, 0, 1, 0, 0.00703326, 0, -0.999974, 48.691, 53.0645, 21.7213)
size = Vector3(8.14056, 5.92064, 8.65086)
texture_albedo = ExtResource("3_iayqa")
emission_energy = 0.0
albedo_mix = 0.55
normal_fade = 0.893
upper_fade = 1.0
lower_fade = 0.0642741
distance_fade_enabled = true
distance_fade_length = 40.0
cull_mask = 2

[node name="Decal13" type="Decal" parent="BlobShadows" index="12"]
transform = Transform3D(-0.999974, 0, -0.00703326, 0, 1, 0, 0.00703326, 0, -0.999974, 54.0579, 53.0645, 31.5936)
size = Vector3(16.4233, 5.92064, 16.0161)
texture_albedo = ExtResource("3_iayqa")
emission_energy = 0.0
albedo_mix = 0.77
normal_fade = 0.893
upper_fade = 1.0
lower_fade = 0.0642741
distance_fade_enabled = true
distance_fade_length = 40.0
cull_mask = 2

[node name="Decal14" type="Decal" parent="BlobShadows" index="13"]
transform = Transform3D(-0.854177, 0, 0.519981, 0, 1, 0, -0.519981, 0, -0.854177, 74.7124, 59.4838, 12.1256)
size = Vector3(16.4233, 5.92064, 20.6438)
texture_albedo = ExtResource("3_iayqa")
emission_energy = 0.0
albedo_mix = 0.77
normal_fade = 0.893
upper_fade = 1.0
lower_fade = 0.0642741
distance_fade_enabled = true
distance_fade_length = 40.0
cull_mask = 2

[node name="Decal15" type="Decal" parent="BlobShadows" index="14"]
transform = Transform3D(-0.854177, 0, 0.519981, 0, 1, 0, -0.519981, 0, -0.854177, 64.4535, 59.4838, 1.7262)
size = Vector3(12.4032, 5.92064, 13.595)
texture_albedo = ExtResource("3_iayqa")
emission_energy = 0.0
albedo_mix = 0.77
normal_fade = 0.893
upper_fade = 1.0
lower_fade = 0.0642741
distance_fade_enabled = true
distance_fade_length = 40.0
cull_mask = 2

[node name="Decal16" type="Decal" parent="BlobShadows" index="15"]
transform = Transform3D(-0.854177, 0, 0.519981, 0, 1, 0, -0.519981, 0, -0.854177, 81.3866, 59.4838, -0.294434)
size = Vector3(22.2392, 5.92064, 20.0168)
texture_albedo = ExtResource("3_iayqa")
emission_energy = 0.0
albedo_mix = 0.77
normal_fade = 0.893
upper_fade = 1.0
lower_fade = 0.0642741
distance_fade_enabled = true
distance_fade_length = 40.0
cull_mask = 2

[node name="Decal17" type="Decal" parent="BlobShadows" index="16"]
transform = Transform3D(-0.854177, 0, 0.519981, 0, 1, 0, -0.519981, 0, -0.854177, 70.8068, 42.2731, -89.4257)
size = Vector3(9.25731, 9.93383, 11.1767)
texture_albedo = ExtResource("3_iayqa")
emission_energy = 0.0
albedo_mix = 0.62
normal_fade = 0.893
upper_fade = 1.0
lower_fade = 0.0642741
distance_fade_enabled = true
distance_fade_length = 40.0
cull_mask = 2

[node name="Decal18" type="Decal" parent="BlobShadows" index="17"]
transform = Transform3D(-0.153606, 0, 0.988131, 0, 1, 0, -0.988131, 0, -0.153606, 72.1215, 42.2731, -104.834)
size = Vector3(15.8601, 9.93383, 9.04478)
texture_albedo = ExtResource("3_iayqa")
emission_energy = 0.0
albedo_mix = 0.77
normal_fade = 0.893
upper_fade = 1.0
lower_fade = 0.0642741
distance_fade_enabled = true
distance_fade_length = 40.0
cull_mask = 2

[node name="Decal19" type="Decal" parent="BlobShadows" index="18"]
transform = Transform3D(-0.709028, 0, 0.705178, 0, 1, 0, -0.705178, 0, -0.709028, 66.1052, 42.2731, -117.656)
size = Vector3(21.1464, 9.93383, 9.04478)
texture_albedo = ExtResource("3_iayqa")
emission_energy = 0.0
albedo_mix = 0.59
normal_fade = 0.893
upper_fade = 1.0
lower_fade = 0.0642741
distance_fade_enabled = true
distance_fade_length = 40.0
cull_mask = 2

[node name="Decal20" type="Decal" parent="BlobShadows" index="19"]
transform = Transform3D(-0.998759, 0, 0.0497915, 0, 1, 0, -0.0497915, 0, -0.998759, 46.618, 42.2731, -134.668)
size = Vector3(21.1464, 9.93383, 9.04478)
texture_albedo = ExtResource("3_iayqa")
emission_energy = 0.0
albedo_mix = 0.59
normal_fade = 0.893
upper_fade = 1.0
lower_fade = 0.0642741
distance_fade_enabled = true
distance_fade_length = 40.0
cull_mask = 2

[node name="Decal21" type="Decal" parent="BlobShadows" index="20"]
transform = Transform3D(-0.998759, 0, 0.0497915, 0, 1, 0, -0.0497915, 0, -0.998759, 23.9727, 42.2731, -133.463)
size = Vector3(14.7319, 9.93383, 12.0903)
texture_albedo = ExtResource("3_iayqa")
emission_energy = 0.0
albedo_mix = 0.59
normal_fade = 0.893
upper_fade = 1.0
lower_fade = 0.0642741
distance_fade_enabled = true
distance_fade_length = 40.0
cull_mask = 2

[node name="Decal22" type="Decal" parent="BlobShadows" index="21"]
transform = Transform3D(-0.998759, 0, 0.0497915, 0, 1, 0, -0.0497915, 0, -0.998759, 36.0688, 42.2731, -135.647)
size = Vector3(14.2839, 9.93383, 12.0903)
texture_albedo = ExtResource("3_iayqa")
emission_energy = 0.0
albedo_mix = 0.59
normal_fade = 0.893
upper_fade = 1.0
lower_fade = 0.0642741
distance_fade_enabled = true
distance_fade_length = 40.0
cull_mask = 2
