[gd_scene load_steps=4 format=3 uid="uid://caqiuuvpry7nb"]

[ext_resource type="PackedScene" uid="uid://beuj67h800mco" path="res://area/2 dino jungle/act 1/environment/model/07Cavern.gltf" id="1_6cbe1"]
[ext_resource type="Script" uid="uid://kvlmbv66orqt" path="res://object/trigger/modules/CullingTrigger.cs" id="2_w4gd3"]
[ext_resource type="AudioStream" uid="uid://sgalfc464ai6" path="res://sound/sfx/stage/dinosaur jungle/stg020_area_01.ogg" id="3_q78mp"]

[node name="07Cavern" instance=ExtResource("1_6cbe1")]
script = ExtResource("2_w4gd3")
saveVisibilityOnCheckpoint = true
isStageVisuals = true

[node name="stg020_o05_Mesh_4" parent="." index="0"]
layers = 4
cast_shadow = 0

[node name="stg020_a05_Mesh_2" parent="." index="1"]
layers = 4
cast_shadow = 0

[node name="stg020_k05_Mesh_1" parent="." index="2"]
layers = 4
cast_shadow = 0

[node name="stg020_a05_Mesh_0" parent="." index="3"]
layers = 4
cast_shadow = 0

[node name="stg020_o18_Mesh_0" parent="." index="4"]
layers = 4
cast_shadow = 0

[node name="stg020_o05_Mesh_4_001" parent="." index="5"]
layers = 4

[node name="stg020_ripple_k_18_Mesh_1" parent="." index="6"]
layers = 4
cast_shadow = 0

[node name="stg020_ripple_k_18_Mesh_2" parent="." index="7"]
layers = 4
cast_shadow = 0

[node name="stg020_w18_Mesh_0" parent="." index="8"]
layers = 8
cast_shadow = 0

[node name="SpotLight3D" type="SpotLight3D" parent="." index="9"]
transform = Transform3D(0.959308, 0.153223, -0.237172, -0.248472, 0.0590959, -0.966835, -0.134125, 0.986423, 0.0947627, -644.673, -531.007, -1094.65)
light_color = Color(0, 0.886275, 1, 1)
light_energy = 2.0
light_specular = 0.0
spot_range = 609.68
spot_attenuation = 0.297302
spot_angle = 15.0
spot_angle_attenuation = 0.0693484

[node name="SpotLight3D2" type="SpotLight3D" parent="." index="10"]
transform = Transform3D(0.967951, 7.82019e-09, 0.25114, 0.25114, -4.30062e-08, -0.967951, 3.23102e-09, 1, -4.35918e-08, -482.677, -632.753, -1094.49)
light_color = Color(0, 0.886275, 1, 1)
light_energy = 2.0
light_specular = 0.0
spot_range = 609.68
spot_attenuation = 0.297302
spot_angle = 15.0
spot_angle_attenuation = 0.0693484

[node name="SpotLight3D3" type="SpotLight3D" parent="." index="11"]
transform = Transform3D(0.906664, -0.421273, 0.0221109, 0.0168995, 0.088643, 0.99592, -0.421514, -0.902592, 0.0874887, -556.492, -214.988, -1073.76)
visible = false
light_color = Color(1, 0.9805, 0.61, 1)
light_energy = 0.4
light_cull_mask = 4293918721
spot_range = 90.0
spot_attenuation = 1e-05
spot_angle = 19.1878
spot_angle_attenuation = 0.435277

[node name="SFX" type="AudioStreamPlayer3D" parent="." index="12"]
transform = Transform3D(1, 0, 0, 0, 1, 0, 0, 0, 1, -568, -281, -1086)
stream = ExtResource("3_q78mp")
attenuation_model = 3
volume_db = 6.0
unit_size = 20.0
max_db = 6.0
autoplay = true
max_distance = 100.0
bus = &"GAME SFX"
attenuation_filter_cutoff_hz = 20500.0
