[gd_scene load_steps=108 format=3 uid="uid://cby2m0q2072c2"]

[ext_resource type="PackedScene" uid="uid://d3ppk3bftcyht" path="res://area/2 dino jungle/act 1/environment/collision/Collision.tscn" id="1_0crfa"]
[ext_resource type="Script" path="res://object/stage/StageSettings.cs" id="1_hpjme"]
[ext_resource type="Resource" uid="uid://dgl1qo3c2ocum" path="res://area/2 dino jungle/data/DialogLibrary.tres" id="2_2vrnn"]
[ext_resource type="Environment" uid="uid://dfwf2f7c3ljwg" path="res://area/2 dino jungle/data/Environment.tres" id="4_gsi68"]
[ext_resource type="PackedScene" uid="uid://c5dih136fv3wc" path="res://area/2 dino jungle/act 1/environment/01Chase.tscn" id="5_8hbmi"]
[ext_resource type="PackedScene" uid="uid://iij01cwh2ttg" path="res://area/2 dino jungle/act 1/environment/02River.tscn" id="6_51sf7"]
[ext_resource type="PackedScene" uid="uid://8hi2u5lp8ujo" path="res://area/2 dino jungle/act 1/environment/03Cave.tscn" id="7_fyuv1"]
[ext_resource type="PackedScene" uid="uid://7hwurdywrfq7" path="res://area/2 dino jungle/act 1/environment/02RiverReverse.tscn" id="7_h6ywe"]
[ext_resource type="PackedScene" uid="uid://ban3idx4lt045" path="res://area/2 dino jungle/act 1/environment/06CavernEntrance.tscn" id="8_6iish"]
[ext_resource type="PackedScene" uid="uid://bbqpbxdsvgh1r" path="res://area/2 dino jungle/act 1/environment/03CaveSky.tscn" id="8_17ely"]
[ext_resource type="PackedScene" uid="uid://xtvjxondy70e" path="res://area/2 dino jungle/act 1/environment/04Spiral.tscn" id="8_y6qf8"]
[ext_resource type="PackedScene" uid="uid://vkjkq7cypyqh" path="res://area/2 dino jungle/act 1/environment/03CaveReverse.tscn" id="9_4edov"]
[ext_resource type="PackedScene" uid="uid://cgq7hgxh4d6eq" path="res://area/2 dino jungle/act 1/environment/05Crossing.tscn" id="9_66gld"]
[ext_resource type="PackedScene" uid="uid://caqiuuvpry7nb" path="res://area/2 dino jungle/act 1/environment/07Cavern.tscn" id="10_ufrux"]
[ext_resource type="PackedScene" uid="uid://bh513knx8203u" path="res://area/2 dino jungle/act 1/environment/08FeedingTunnel.tscn" id="11_0xivn"]
[ext_resource type="PackedScene" uid="uid://s8pqjru77knx" path="res://area/2 dino jungle/act 1/environment/09End.tscn" id="12_lr60q"]
[ext_resource type="PackedScene" uid="uid://bjgna8b7y1tha" path="res://area/2 dino jungle/act 1/environment/09Scenery.tscn" id="13_53845"]
[ext_resource type="Curve3D" uid="uid://dw12ukqbi8gcg" path="res://area/2 dino jungle/act 1/environment/path/ChasePath.tres" id="13_yh5pu"]
[ext_resource type="Curve3D" uid="uid://b3tgrht5nme8v" path="res://area/2 dino jungle/act 1/environment/path/RiverPath.tres" id="14_0jylt"]
[ext_resource type="PackedScene" uid="uid://cv8wawfkxffx" path="res://area/2 dino jungle/data/skybox/Skybox.tscn" id="14_jkuak"]
[ext_resource type="PackedScene" uid="uid://co2wg02egbm0x" path="res://object/trigger/state trigger/AutomationTrigger.tscn" id="14_lokxv"]
[ext_resource type="PackedScene" uid="uid://co2akledxygt2" path="res://effect/sun/Sun.tscn" id="14_tj504"]
[ext_resource type="Script" path="res://object/trigger/modules/CheckpointTrigger.cs" id="15_1ew2u"]
[ext_resource type="PackedScene" uid="uid://bn6wr6l8s3qyt" path="res://object/trigger/StageTrigger.tscn" id="15_86eng"]
[ext_resource type="Curve3D" uid="uid://dwcdosh24d0y2" path="res://area/2 dino jungle/act 1/environment/path/DinoPath.tres" id="16_smtuj"]
[ext_resource type="Script" path="res://object/trigger/modules/EventTrigger.cs" id="16_vyk20"]
[ext_resource type="Curve3D" uid="uid://b450opvokjmsg" path="res://area/2 dino jungle/act 1/environment/path/SpiralAutomationPath.tres" id="17_sttw3"]
[ext_resource type="Curve3D" uid="uid://uyy1x2hj58jb" path="res://area/2 dino jungle/act 1/environment/path/LogAutomationPath.tres" id="19_p1hyv"]
[ext_resource type="Curve3D" uid="uid://bjvkgbw6pqfdl" path="res://area/2 dino jungle/act 1/environment/path/BoatPath.tres" id="22_dpojg"]
[ext_resource type="Script" path="res://object/trigger/modules/JumpTrigger.cs" id="22_vku8w"]
[ext_resource type="Resource" uid="uid://c4uve00dlpv2n" path="res://area/2 dino jungle/act 1/camera/LogAutomationCam.tres" id="23_pnpt3"]
[ext_resource type="Script" path="res://object/trigger/modules/LockoutTrigger.cs" id="23_rku1n"]
[ext_resource type="Resource" uid="uid://38s0wkpi5mlf" path="res://resource/preset/lockout/RecenterLockout.tres" id="24_0y0cf"]
[ext_resource type="PackedScene" uid="uid://7nr1lmccsbg6" path="res://area/2 dino jungle/object/dino/DinoApatos.tscn" id="25_s85nr"]
[ext_resource type="Script" path="res://object/trigger/state trigger/script/SidleTrigger.cs" id="25_sf384"]
[ext_resource type="Resource" uid="uid://duxi5ucuhx7qa" path="res://resource/preset/lockout/SidleLockout.tres" id="26_dq6cl"]
[ext_resource type="Resource" uid="uid://dtu8pc2uwaej1" path="res://area/2 dino jungle/act 1/camera/CaveLeftCam.tres" id="27_aqrt3"]
[ext_resource type="Resource" uid="uid://cvgf6u6m7ckcs" path="res://area/2 dino jungle/act 1/camera/CaveRightCam.tres" id="27_h0ugs"]
[ext_resource type="AnimationLibrary" uid="uid://cw882jmvbd4on" path="res://area/2 dino jungle/object/model/animation/apato/DinoApato1AnimationLibrary.gltf" id="27_vi4ly"]
[ext_resource type="Resource" uid="uid://bku7n4ufln8ro" path="res://resource/preset/camera/common/StaticCam.tres" id="28_7w0ww"]
[ext_resource type="Curve3D" uid="uid://dp3fwc4r17a3a" path="res://area/2 dino jungle/act 1/environment/path/CavePath.tres" id="28_t1ofp"]
[ext_resource type="Resource" uid="uid://dj5jss65sqknh" path="res://area/2 dino jungle/act 1/camera/DinoApatos1Cam.tres" id="29_eqruc"]
[ext_resource type="Resource" uid="uid://b5xjurtovabtm" path="res://area/2 dino jungle/act 1/camera/LogCam.tres" id="29_jpgcf"]
[ext_resource type="Resource" uid="uid://cqri86jjwylkn" path="res://area/2 dino jungle/act 1/camera/SpiralCam1.tres" id="29_omkni"]
[ext_resource type="Curve3D" uid="uid://2b3j33hmgtp5" path="res://area/2 dino jungle/act 1/environment/path/CaveRightPath.tres" id="29_uuyxq"]
[ext_resource type="Resource" uid="uid://bda1eev4fi2xe" path="res://area/2 dino jungle/act 1/camera/DinoApatos2Cam.tres" id="30_gtpto"]
[ext_resource type="Resource" uid="uid://bdivp7ogd7b3y" path="res://area/2 dino jungle/act 1/camera/SpiralCamEnd.tres" id="30_ju7m7"]
[ext_resource type="Curve3D" uid="uid://ctd4rn3gyguex" path="res://area/2 dino jungle/act 1/environment/path/DinoRightPath.tres" id="31_5iw22"]
[ext_resource type="Script" path="res://object/trigger/modules/ReflectionTrigger.cs" id="31_x7ms6"]
[ext_resource type="PackedScene" uid="uid://etu2s6i547gb" path="res://object/trigger/state trigger/DriftTrigger.tscn" id="33_q44ch"]
[ext_resource type="AnimationLibrary" uid="uid://dkn0qsuhlfgge" path="res://area/2 dino jungle/object/model/animation/apato/DinoApato2AnimationLibrary.gltf" id="34_7qy8o"]
[ext_resource type="Script" path="res://object/trigger/modules/DeathTrigger.cs" id="34_eyh5k"]
[ext_resource type="Resource" uid="uid://beferl7qs7k41" path="res://area/2 dino jungle/act 1/camera/CaveExitCam.tres" id="34_qb2qj"]
[ext_resource type="PackedScene" uid="uid://0o1ds8o5k04j" path="res://effect/buffer/PlanarReflectionRenderer.tscn" id="35_c15gk"]
[ext_resource type="Resource" uid="uid://bxshvuvtt3i28" path="res://area/2 dino jungle/act 1/camera/ChaseCam.tres" id="35_ib3lh"]
[ext_resource type="Resource" uid="uid://cyl5n3t0uk2fh" path="res://area/2 dino jungle/act 1/camera/LogWallCam.tres" id="35_mtslr"]
[ext_resource type="Script" path="res://object/trigger/modules/PathTrigger.cs" id="35_vf0rg"]
[ext_resource type="Material" uid="uid://d0klutkn8da67" path="res://area/2 dino jungle/data/material/Water.tres" id="36_7bv1x"]
[ext_resource type="PackedScene" uid="uid://bqikfuweybrc6" path="res://area/2 dino jungle/data/BGM.tscn" id="36_8otvo"]
[ext_resource type="Script" path="res://object/trigger/modules/CameraTrigger.cs" id="36_8t574"]
[ext_resource type="Resource" uid="uid://77eiif6gvg8g" path="res://area/2 dino jungle/act 1/camera/DinoCrossingCam.tres" id="36_hewn5"]
[ext_resource type="Resource" uid="uid://cnhb6111uxifw" path="res://area/2 dino jungle/act 1/camera/ChaseReverseCam.tres" id="36_mti58"]
[ext_resource type="Resource" uid="uid://d2mt7vqfjmref" path="res://area/2 dino jungle/act 1/camera/CaveCam.tres" id="37_lloeo"]
[ext_resource type="Resource" uid="uid://cha3usfe6mq68" path="res://area/2 dino jungle/act 1/camera/ChaseFollowCam.tres" id="37_wq224"]
[ext_resource type="Resource" uid="uid://u1ajlm54dtyt" path="res://area/2 dino jungle/act 1/camera/DinoCrossingFlyingPotCam.tres" id="38_j47cl"]
[ext_resource type="Curve3D" uid="uid://bq2rhjpto2h67" path="res://area/2 dino jungle/act 1/environment/path/CaveExitPath.tres" id="42_rkm8b"]
[ext_resource type="Resource" uid="uid://b4w3fufkjv3x8" path="res://area/2 dino jungle/act 1/camera/SidleCam.tres" id="44_d1e8a"]
[ext_resource type="Resource" uid="uid://uu106ennix16" path="res://resource/preset/camera/common/WallBackstepCam.tres" id="45_r78fw"]
[ext_resource type="Resource" uid="uid://c20ks1cmjcsls" path="res://area/2 dino jungle/act 1/camera/EndIslandCam.tres" id="46_oc3qf"]
[ext_resource type="Resource" uid="uid://dwmlhdwq5btkp" path="res://area/2 dino jungle/act 1/camera/EndCam.tres" id="47_6j2j6"]
[ext_resource type="Resource" uid="uid://1lxslegkn5y5" path="res://area/2 dino jungle/act 1/camera/EndFollowCam.tres" id="47_cd0o2"]
[ext_resource type="Resource" uid="uid://cdt773y1qarnf" path="res://area/2 dino jungle/act 1/camera/1stEndIslandCam.tres" id="47_q66r8"]
[ext_resource type="Resource" uid="uid://ca2ipaacx4q2q" path="res://area/2 dino jungle/act 1/camera/1stEndIslandWallCam.tres" id="48_brq7k"]
[ext_resource type="Resource" uid="uid://bsj7mi64dl786" path="res://area/2 dino jungle/act 1/camera/2ndEndIslandFieldCam.tres" id="51_3eohj"]
[ext_resource type="Resource" uid="uid://cgs27a8s7oemd" path="res://area/2 dino jungle/act 1/camera/DinoFeedingRockBitesCam.tres" id="52_tpulw"]
[ext_resource type="Curve3D" uid="uid://b48t3qogkoufq" path="res://area/2 dino jungle/act 1/environment/path/FeedingTunnelEntrancePath.tres" id="56_hmb1c"]
[ext_resource type="Curve3D" uid="uid://2hbpxwttyx8k" path="res://area/2 dino jungle/act 1/environment/path/FeedingTunnelMiddlePath.tres" id="57_h6v6r"]
[ext_resource type="PackedScene" uid="uid://dar74l2eiux2t" path="res://effect/buffer/DepthRenderer.tscn" id="58_vm1cj"]
[ext_resource type="Curve3D" uid="uid://bdvkxr0kc8usi" path="res://area/2 dino jungle/act 1/environment/path/FeedingTunnelExitPath.tres" id="58_xpyy1"]
[ext_resource type="Curve3D" uid="uid://cg2l4xoxnugal" path="res://area/2 dino jungle/act 1/environment/path/EndMiddleIslandPath.tres" id="59_mdw42"]
[ext_resource type="Curve3D" uid="uid://b14xxxrcpxq0j" path="res://area/2 dino jungle/act 1/environment/path/EndIslandPath.tres" id="60_xhla3"]
[ext_resource type="Curve3D" uid="uid://yiqn26fm6vq" path="res://area/2 dino jungle/act 1/environment/path/BoatTopPath.tres" id="71_xrrh0"]
[ext_resource type="Curve3D" uid="uid://dwbkww17xa7gl" path="res://area/2 dino jungle/act 1/environment/path/ArenaPath.tres" id="72_fs21q"]
[ext_resource type="Curve3D" path="res://area/2 dino jungle/act 1/environment/path/EndBottomPath.tres" id="79_0fv0i"]
[ext_resource type="Curve3D" path="res://area/2 dino jungle/act 1/environment/path/EndMiddlePath.tres" id="80_4h07x"]
[ext_resource type="Curve3D" path="res://area/2 dino jungle/act 1/environment/path/EndTopPath.tres" id="81_vy7ml"]

[sub_resource type="BoxShape3D" id="BoxShape3D_ibe76"]
size = Vector3(20, 20, 2.5)

[sub_resource type="BoxShape3D" id="BoxShape3D_3fp3q"]
size = Vector3(20, 30, 2.5)

[sub_resource type="BoxShape3D" id="BoxShape3D_c5pbm"]
size = Vector3(5, 20, 2.5)

[sub_resource type="BoxShape3D" id="BoxShape3D_7jbaj"]
size = Vector3(24.2676, 20, 2.5)

[sub_resource type="BoxShape3D" id="BoxShape3D_74bek"]
size = Vector3(10, 20, 2.5)

[sub_resource type="BoxShape3D" id="BoxShape3D_x053g"]
size = Vector3(218, 2, 244)

[sub_resource type="BoxShape3D" id="BoxShape3D_jw4vw"]
size = Vector3(5, 20, 17)

[sub_resource type="SphereShape3D" id="SphereShape3D_iq0gp"]
radius = 2.0

[sub_resource type="BoxShape3D" id="BoxShape3D_ey50s"]
size = Vector3(4, 30, 30)

[sub_resource type="BoxShape3D" id="BoxShape3D_qrtnt"]
size = Vector3(6, 20, 2.5)

[sub_resource type="BoxShape3D" id="BoxShape3D_u63uw"]
size = Vector3(14, 50, 88)

[sub_resource type="BoxShape3D" id="BoxShape3D_skfpg"]
size = Vector3(30, 50, 74)

[sub_resource type="BoxShape3D" id="BoxShape3D_betid"]
size = Vector3(5, 5, 2.5)

[sub_resource type="BoxShape3D" id="BoxShape3D_1o6c3"]
size = Vector3(53, 50, 60)

[sub_resource type="BoxShape3D" id="BoxShape3D_mwcin"]
size = Vector3(6, 11, 6)

[sub_resource type="BoxShape3D" id="BoxShape3D_ppten"]
size = Vector3(6, 11, 10)

[sub_resource type="BoxShape3D" id="BoxShape3D_1y700"]
size = Vector3(25, 80, 15)

[sub_resource type="BoxShape3D" id="BoxShape3D_mxt57"]
size = Vector3(48.7063, 18.5681, 37.9772)

[sub_resource type="BoxShape3D" id="BoxShape3D_q701v"]
size = Vector3(10, 10, 5)

[sub_resource type="BoxShape3D" id="BoxShape3D_ljge0"]
size = Vector3(8, 10, 15)

[sub_resource type="BoxShape3D" id="BoxShape3D_hyom4"]
size = Vector3(5.72754, 10.5288, 1)

[node name="Static" type="Node3D" node_paths=PackedStringArray("pathParent", "Environment")]
script = ExtResource("1_hpjme")
dialogLibrary = ExtResource("2_2vrnn")
pathParent = NodePath("Path")
Environment = NodePath("WorldEnvironment")

[node name="Collision" parent="." instance=ExtResource("1_0crfa")]
visible = false

[node name="Visuals" type="Node3D" parent="."]

[node name="CullingMap" type="Node3D" parent="Visuals"]

[node name="01-U" parent="Visuals/CullingMap" instance=ExtResource("15_86eng")]
transform = Transform3D(-4.37114e-08, 0, 1, 0, 1, 0, -1, 0, -4.37114e-08, -139.526, -94.9649, -491.577)
"Enter Mode" = 0

[node name="CollisionShape3D" type="CollisionShape3D" parent="Visuals/CullingMap/01-U"]
transform = Transform3D(1, 0, 0, 0, 1, 0, 0, 0, 1, 0, 8, 0)
shape = SubResource("BoxShape3D_ibe76")

[node name="02-L" parent="Visuals/CullingMap" instance=ExtResource("15_86eng")]
transform = Transform3D(-4.37114e-08, 0.34202, -0.939693, 0, 0.939693, 0.34202, 1, 1.49502e-08, -4.10753e-08, -127.311, -44.4649, -439.712)
"Trigger Mode" = 2
"Exit Mode" = 2

[node name="CollisionShape3D" type="CollisionShape3D" parent="Visuals/CullingMap/02-L"]
transform = Transform3D(1, 0, 0, 0, 1, 0, 0, 0, 1, 0, 8, 0)
shape = SubResource("BoxShape3D_ibe76")

[node name="02-U" parent="Visuals/CullingMap" instance=ExtResource("15_86eng")]
transform = Transform3D(-0.996195, 0, -0.0871558, 0, 1, 0, 0.0871558, 0, -0.996195, -362.992, -222.365, -631.159)
"Trigger Mode" = 2
"Exit Mode" = 2

[node name="CollisionShape3D" type="CollisionShape3D" parent="Visuals/CullingMap/02-U"]
transform = Transform3D(1, 0, 0, 0, 1, 0, 0, 0, 1, 0, 8, 0)
shape = SubResource("BoxShape3D_ibe76")

[node name="03-L" parent="Visuals/CullingMap" instance=ExtResource("15_86eng")]
transform = Transform3D(-0.144544, -0.309975, -0.939693, 0.397131, 0.851651, -0.34202, 0.906308, -0.422618, 2.49739e-08, -328.748, -193.534, -540.25)
"Enter Mode" = 0

[node name="CollisionShape3D" type="CollisionShape3D" parent="Visuals/CullingMap/03-L"]
transform = Transform3D(1, 0, 0, 0, 1, 0, 0, 0, 1, 0, 8, 0)
shape = SubResource("BoxShape3D_ibe76")

[node name="04-L" parent="Visuals/CullingMap" instance=ExtResource("15_86eng")]
transform = Transform3D(-1.19209e-07, 0, -1, 0, 1, 0, 1, 0, -1.19209e-07, -380.507, -217.465, -796.974)
"Trigger Mode" = 2
"Exit Mode" = 2

[node name="CollisionShape3D" type="CollisionShape3D" parent="Visuals/CullingMap/04-L"]
transform = Transform3D(1, 0, 0, 0, 1, 0, 0, 0, 1, 0, 13, 0)
shape = SubResource("BoxShape3D_3fp3q")

[node name="04-U" parent="Visuals/CullingMap" instance=ExtResource("15_86eng")]
transform = Transform3D(-0.699364, 0, 0.714766, 0, 1, 0, -0.714766, 0, -0.699364, -391.879, -265.061, -939.041)
"Trigger Mode" = 2
"Exit Mode" = 2

[node name="CollisionShape3D" type="CollisionShape3D" parent="Visuals/CullingMap/04-U"]
transform = Transform3D(1, 0, 0, 0, 1, 0, 0, 0, 1, 0, 8, 0)
shape = SubResource("BoxShape3D_ibe76")

[node name="05-L" parent="Visuals/CullingMap" instance=ExtResource("15_86eng")]
transform = Transform3D(-0.939693, 0, -0.34202, 0, 1, 0, 0.34202, 0, -0.939693, -431.192, -263.797, -909.761)
"Enter Mode" = 0

[node name="CollisionShape3D" type="CollisionShape3D" parent="Visuals/CullingMap/05-L"]
transform = Transform3D(1, 0, 0, 0, 1, 0, 0, 0, 1, 0, 8, 0)
shape = SubResource("BoxShape3D_ibe76")

[node name="06-L" parent="Visuals/CullingMap" instance=ExtResource("15_86eng")]
transform = Transform3D(-0.707107, 0, 0.707107, 0, 1, 0, -0.707107, 0, -0.707107, -369.891, -264.997, -959.972)
"Trigger Mode" = 2
"Exit Mode" = 2

[node name="CollisionShape3D" type="CollisionShape3D" parent="Visuals/CullingMap/06-L"]
transform = Transform3D(1, 0, 0, 0, 1, 0, 0, 0, 1, 0, 8, 0)
shape = SubResource("BoxShape3D_ibe76")

[node name="0506-U" parent="Visuals/CullingMap" instance=ExtResource("15_86eng")]
transform = Transform3D(0.901651, 0, -0.432463, 0, 1, 0, 0.432463, 0, 0.901651, -544.745, -280.961, -1109.4)
"Trigger Mode" = 2
"Exit Mode" = 2

[node name="CollisionShape3D" type="CollisionShape3D" parent="Visuals/CullingMap/0506-U"]
transform = Transform3D(1, 0, 0, 0, 1, 0, 0, 0, 1, 0, 8, 0)
shape = SubResource("BoxShape3D_ibe76")

[node name="07-L" parent="Visuals/CullingMap" instance=ExtResource("15_86eng")]
transform = Transform3D(0.596841, 0, -0.80236, 0, 1, 0, 0.80236, 0, 0.596841, -473.46, -276.984, -1118.56)
"Enter Mode" = 0

[node name="CollisionShape3D" type="CollisionShape3D" parent="Visuals/CullingMap/07-L"]
transform = Transform3D(1, 0, 0, 0, 1, 0, 0, 0, 1, 0, 8, 0)
shape = SubResource("BoxShape3D_ibe76")

[node name="07-U" parent="Visuals/CullingMap" instance=ExtResource("15_86eng")]
transform = Transform3D(-0.269323, 0, -0.963049, 0, 1, 0, 0.963049, 0, -0.269323, -648.081, -277.681, -1057.29)
"Trigger Mode" = 2
"Exit Mode" = 2

[node name="CollisionShape3D" type="CollisionShape3D" parent="Visuals/CullingMap/07-U"]
transform = Transform3D(1, 0, 0, 0, 1, 0, 0, 0, 1, 0, 8, 0)
shape = SubResource("BoxShape3D_ibe76")

[node name="08-L" parent="Visuals/CullingMap" instance=ExtResource("15_86eng")]
transform = Transform3D(0.784171, 0, -0.620546, 0, 1, 0, 0.620546, 0, 0.784171, -539.747, -280.884, -1117.13)
"Enter Mode" = 0

[node name="CollisionShape3D" type="CollisionShape3D" parent="Visuals/CullingMap/08-L"]
transform = Transform3D(1, 0, 0, 0, 1, 0, 0, 0, 1, 0, 8, 0)
shape = SubResource("BoxShape3D_ibe76")

[node name="08-U" parent="Visuals/CullingMap" instance=ExtResource("15_86eng")]
transform = Transform3D(0.412723, 0, -0.910856, 0, 1, 0, 0.910856, 0, 0.412723, -743.753, -262.022, -1071.54)
"Trigger Mode" = 2
"Exit Mode" = 2

[node name="CollisionShape3D" type="CollisionShape3D" parent="Visuals/CullingMap/08-U"]
transform = Transform3D(1, 0, 0, 0, 1, 0, 0, 0, 1, 0, 8, 0)
shape = SubResource("BoxShape3D_ibe76")

[node name="09-L" parent="Visuals/CullingMap" instance=ExtResource("15_86eng")]
transform = Transform3D(1, 0, 0, 0, 1, 0, 0, 0, 1, -642.303, -269.596, -1073.66)
"Trigger Mode" = 2
"Exit Mode" = 2

[node name="CollisionShape3D" type="CollisionShape3D" parent="Visuals/CullingMap/09-L"]
transform = Transform3D(1, 0, 0, 0, 1, 0, 0, 0, 1, 0, 8, 0)
shape = SubResource("BoxShape3D_ibe76")

[node name="09B-L" parent="Visuals/CullingMap" instance=ExtResource("15_86eng")]
transform = Transform3D(0.784171, 0, -0.620546, 0, 1, 0, 0.620546, 0, 0.784171, -764.024, -265.845, -1051.65)
"Trigger Mode" = 2
"Exit Mode" = 2

[node name="CollisionShape3D" type="CollisionShape3D" parent="Visuals/CullingMap/09B-L"]
transform = Transform3D(1, 0, 0, 0, 1, 0, 0, 0, 1, 0, 8, 0)
shape = SubResource("BoxShape3D_ibe76")

[node name="01Chase" parent="Visuals" instance=ExtResource("5_8hbmi")]
startEnabled = true

[node name="02River" parent="Visuals" instance=ExtResource("6_51sf7")]

[node name="02RiverReverse" parent="Visuals" instance=ExtResource("7_h6ywe")]

[node name="03Cave" parent="Visuals" instance=ExtResource("7_fyuv1")]

[node name="03CaveSky" parent="Visuals" instance=ExtResource("8_17ely")]

[node name="03CaveReverse" parent="Visuals" instance=ExtResource("9_4edov")]

[node name="04Spiral" parent="Visuals" instance=ExtResource("8_y6qf8")]

[node name="05Crossing" parent="Visuals" instance=ExtResource("9_66gld")]

[node name="06CavernEntrance" parent="Visuals" instance=ExtResource("8_6iish")]

[node name="07Cavern" parent="Visuals" instance=ExtResource("10_ufrux")]

[node name="08FeedingTunnel" parent="Visuals" instance=ExtResource("11_0xivn")]

[node name="09End" parent="Visuals" instance=ExtResource("12_lr60q")]

[node name="09Scenery" parent="Visuals" instance=ExtResource("13_53845")]

[node name="Lighting" type="Node3D" parent="Visuals"]

[node name="ObjectLight" type="DirectionalLight3D" parent="Visuals/Lighting"]
transform = Transform3D(1, 0, 0, 0, -4.37114e-08, 1, 0, -1, -4.37114e-08, 0, 0, 0)
layers = 1024
light_color = Color(0.969945, 0.966589, 0.886628, 1)
light_energy = 0.7
light_cull_mask = 4293918785
directional_shadow_mode = 0
directional_shadow_max_distance = 0.0

[node name="EnvironmentLight" type="DirectionalLight3D" parent="Visuals/Lighting"]
transform = Transform3D(1, 0, 0, 0, -0.081956, 0.996636, 0, -0.996636, -0.081956, 0, 0, 0)
layers = 1024
light_color = Color(0.752, 0.94, 0.924333, 1)
light_energy = 1.2
light_cull_mask = 4293918722
shadow_enabled = true
directional_shadow_mode = 1
directional_shadow_split_1 = 0.2
directional_shadow_max_distance = 50.0

[node name="Skybox" parent="Visuals" instance=ExtResource("14_jkuak")]

[node name="Sun" parent="Visuals/Skybox" instance=ExtResource("14_tj504")]
transform = Transform3D(0.380209, -0.775037, -0.504736, -0.0410142, 0.531054, -0.846345, 0.923991, 0.34249, 0.170124, 883.765, 303.007, -1278.92)

[node name="Trigger" type="Node3D" parent="."]

[node name="Path" type="Node3D" parent="Trigger"]

[node name="CavePath" parent="Trigger/Path" instance=ExtResource("15_86eng")]
transform = Transform3D(-1, 0, 8.74228e-08, 0, 1, 0, -8.74228e-08, 0, -1, -362.876, -220.882, -608.435)
"Enter Mode" = 0

[node name="Path" type="Node3D" parent="Trigger/Path/CavePath" node_paths=PackedStringArray("path")]
script = ExtResource("35_vf0rg")
path = NodePath("../../../../Path/CavePath")

[node name="CollisionShape3D" type="CollisionShape3D" parent="Trigger/Path/CavePath"]
transform = Transform3D(1, 0, 0, 0, 1, 0, 0, 0, 1, 0, 8, 0)
shape = SubResource("BoxShape3D_ibe76")

[node name="CaveExitPath" parent="Trigger/Path" instance=ExtResource("15_86eng")]
transform = Transform3D(-0.934552, 0, -0.355825, 0, 1, 0, 0.355825, 0, -0.934552, -432.401, -264.901, -913.516)
"Enter Mode" = 0

[node name="Path" type="Node3D" parent="Trigger/Path/CaveExitPath" node_paths=PackedStringArray("path")]
script = ExtResource("35_vf0rg")
path = NodePath("../../../../Path/CaveExitPath")

[node name="CollisionShape3D" type="CollisionShape3D" parent="Trigger/Path/CaveExitPath"]
transform = Transform3D(1, 0, 0, 0, 1, 0, 0, 0, 1, 0, 8, 0)
shape = SubResource("BoxShape3D_ibe76")

[node name="DinoPath" parent="Trigger/Path" instance=ExtResource("15_86eng")]
transform = Transform3D(0.409222, 0, 0.912434, 0, 1, 0, -0.912434, 0, 0.409222, -349.375, -256.515, -960.106)
"Trigger Mode" = 2
"Exit Mode" = 2

[node name="Path" type="Node3D" parent="Trigger/Path/DinoPath" node_paths=PackedStringArray("path")]
script = ExtResource("35_vf0rg")
path = NodePath("../../../../Path/DinoPath")

[node name="CollisionShape3D" type="CollisionShape3D" parent="Trigger/Path/DinoPath"]
transform = Transform3D(1, 0, 0, 0, 1, 0, 0, 0, 1, 0, 8, 0)
shape = SubResource("BoxShape3D_ibe76")

[node name="FeedingTunnelEntrancePath" parent="Trigger/Path" instance=ExtResource("15_86eng")]
transform = Transform3D(0.569939, 0, -0.821686, 0, 1, 0, 0.821686, 0, 0.569939, -628.743, -280.028, -1059.63)
"Enter Mode" = 0

[node name="Path" type="Node3D" parent="Trigger/Path/FeedingTunnelEntrancePath" node_paths=PackedStringArray("path")]
script = ExtResource("35_vf0rg")
path = NodePath("../../../../Path/FeedingTunnelEntrancePath")

[node name="CollisionShape3D" type="CollisionShape3D" parent="Trigger/Path/FeedingTunnelEntrancePath"]
transform = Transform3D(1, 0, 0, 0, 1, 0, 0, 0, 1, 0, 8, 0)
shape = SubResource("BoxShape3D_ibe76")

[node name="FeedingTunnelMiddlePath" parent="Trigger/Path" instance=ExtResource("15_86eng")]
transform = Transform3D(-0.946379, 0, 0.323058, 0, 1, 0, -0.323058, 0, -0.946379, -695.418, -277.028, -1085.61)
"Trigger Mode" = 2
"Exit Mode" = 2

[node name="Path" type="Node3D" parent="Trigger/Path/FeedingTunnelMiddlePath" node_paths=PackedStringArray("path")]
script = ExtResource("35_vf0rg")
path = NodePath("../../../../Path/FeedingTunnelMiddlePath")

[node name="CollisionShape3D" type="CollisionShape3D" parent="Trigger/Path/FeedingTunnelMiddlePath"]
transform = Transform3D(1, 0, 0, 0, 1, 0, 0, 0, 1, 0, 8, 0)
shape = SubResource("BoxShape3D_ibe76")

[node name="FeedingTunnelExitPath" parent="Trigger/Path" instance=ExtResource("15_86eng")]
transform = Transform3D(0.984028, 0, -0.178012, 0, 1, 0, 0.178012, 0, 0.984028, -643.153, -265.601, -1066.8)
"Trigger Mode" = 2
"Exit Mode" = 2

[node name="Path" type="Node3D" parent="Trigger/Path/FeedingTunnelExitPath" node_paths=PackedStringArray("path")]
script = ExtResource("35_vf0rg")
path = NodePath("../../../../Path/FeedingTunnelExitPath")

[node name="CollisionShape3D" type="CollisionShape3D" parent="Trigger/Path/FeedingTunnelExitPath"]
transform = Transform3D(1, 0, 0, 0, 1, 0, 0, 0, 1, 0, 8, 0)
shape = SubResource("BoxShape3D_ibe76")

[node name="EndMiddleIslandPath" parent="Trigger/Path" instance=ExtResource("15_86eng")]
transform = Transform3D(-0.373927, 0, -0.927458, 0, 1, 0, 0.927458, 0, -0.373927, -769.544, -245.575, -1048.27)
"Trigger Mode" = 2
"Exit Mode" = 2

[node name="Path" type="Node3D" parent="Trigger/Path/EndMiddleIslandPath" node_paths=PackedStringArray("path")]
script = ExtResource("35_vf0rg")
path = NodePath("../../../../Path/EndMiddleIslandPath")

[node name="CollisionShape3D" type="CollisionShape3D" parent="Trigger/Path/EndMiddleIslandPath"]
transform = Transform3D(1, 0, 0, 0, 1, 0, 0, 0, 1, 0, 8, 0)
shape = SubResource("BoxShape3D_ibe76")

[node name="EndIslandPath" parent="Trigger/Path" instance=ExtResource("15_86eng")]
transform = Transform3D(-0.33946, 0, -0.94062, 0, 1, 0, 0.94062, 0, -0.33946, -808.64, -269.575, -1094.12)
"Trigger Mode" = 2
"Exit Mode" = 2

[node name="Path" type="Node3D" parent="Trigger/Path/EndIslandPath" node_paths=PackedStringArray("path")]
script = ExtResource("35_vf0rg")
path = NodePath("../../../../Path/EndIslandPath")

[node name="CollisionShape3D" type="CollisionShape3D" parent="Trigger/Path/EndIslandPath"]
transform = Transform3D(1, 0, 0, 0, 1, 0, 0, 0, 1, 0, 8, 0)
shape = SubResource("BoxShape3D_ibe76")

[node name="EndBottomPath" parent="Trigger/Path" instance=ExtResource("15_86eng")]
transform = Transform3D(-0.170966, 0, -0.985276, 0, 1, 0, 0.985276, 0, -0.170966, -853.562, -277.228, -1108.14)
"Trigger Mode" = 2
"Exit Mode" = 2

[node name="Path" type="Node3D" parent="Trigger/Path/EndBottomPath" node_paths=PackedStringArray("path")]
script = ExtResource("35_vf0rg")
path = NodePath("../../../../Path/EndBottomPath")

[node name="CollisionShape3D" type="CollisionShape3D" parent="Trigger/Path/EndBottomPath"]
transform = Transform3D(1, 0, 0, 0, 1, 0, 0, 0, 1, 0, 8, 0)
shape = SubResource("BoxShape3D_ibe76")

[node name="EndMiddlePath" parent="Trigger/Path" instance=ExtResource("15_86eng")]
transform = Transform3D(-0.509786, -0.191861, 0.838634, 0.0189384, 0.972076, 0.233901, -0.860092, 0.135122, -0.491917, -887.62, -257.972, -1097.25)
"Trigger Mode" = 2
"Exit Mode" = 2

[node name="Path" type="Node3D" parent="Trigger/Path/EndMiddlePath" node_paths=PackedStringArray("path")]
transform = Transform3D(1, 0, 2.98023e-08, 0, 1, 0, -2.98023e-08, 0, 1, 0.0317383, 0, 0)
script = ExtResource("35_vf0rg")
path = NodePath("../../../../Path/EndMiddlePath")

[node name="CollisionShape3D" type="CollisionShape3D" parent="Trigger/Path/EndMiddlePath"]
transform = Transform3D(1, 0, 0, 0, 1, 0, 0, 0, 1, 0, 8, 0)
shape = SubResource("BoxShape3D_c5pbm")

[node name="EndTopPath" parent="Trigger/Path" instance=ExtResource("15_86eng")]
transform = Transform3D(-0.101056, 0.340269, -0.934881, 1.86265e-09, 0.939693, 0.34202, 0.99488, 0.0345633, -0.0949618, -882.946, -252.083, -1087.98)
"Trigger Mode" = 2
"Exit Mode" = 2

[node name="Path" type="Node3D" parent="Trigger/Path/EndTopPath" node_paths=PackedStringArray("path")]
script = ExtResource("35_vf0rg")
path = NodePath("../../../../Path/EndTopPath")

[node name="CollisionShape3D" type="CollisionShape3D" parent="Trigger/Path/EndTopPath"]
transform = Transform3D(1, 0, 0, 0, 1, 0, 0, 0, 1, 0, 8, 0)
shape = SubResource("BoxShape3D_c5pbm")

[node name="Checkpoints" type="Node3D" parent="Trigger"]

[node name="CaveCheckpoint" parent="Trigger/Checkpoints" instance=ExtResource("15_86eng")]
transform = Transform3D(0.99761, 0, -0.0690949, 0, 1, 0, 0.0690949, 0, 0.99761, -360.883, -222.516, -623.927)
"Enter Mode" = 0

[node name="Checkpoint" type="Node3D" parent="Trigger/Checkpoints/CaveCheckpoint"]
script = ExtResource("15_1ew2u")

[node name="CollisionShape3D" type="CollisionShape3D" parent="Trigger/Checkpoints/CaveCheckpoint"]
transform = Transform3D(1, 0, 0, 0, 1, 0, 0, 0, 1, 0, 8, 0)
shape = SubResource("BoxShape3D_7jbaj")

[node name="LogCheckpoint" parent="Trigger/Checkpoints" instance=ExtResource("15_86eng")]
transform = Transform3D(0.350371, 0, -0.936611, 0, 1, 0, 0.936611, 0, 0.350371, -408.892, -265.003, -934.164)
"Enter Mode" = 0

[node name="checkpoint" type="Node3D" parent="Trigger/Checkpoints/LogCheckpoint"]
script = ExtResource("15_1ew2u")

[node name="CollisionShape3D" type="CollisionShape3D" parent="Trigger/Checkpoints/LogCheckpoint"]
transform = Transform3D(1, 0, 0, 0, 1, 0, 0, 0, 1, 0, 8, 0)
shape = SubResource("BoxShape3D_7jbaj")

[node name="DinoCheckpoint" parent="Trigger/Checkpoints" instance=ExtResource("15_86eng")]
transform = Transform3D(-0.955618, 0, -0.294607, 0, 1, 0, 0.294607, 0, -0.955618, -295.143, -276.99, -1082.1)
"Enter Mode" = 0

[node name="checkpoint" type="Node3D" parent="Trigger/Checkpoints/DinoCheckpoint"]
script = ExtResource("15_1ew2u")

[node name="CollisionShape3D" type="CollisionShape3D" parent="Trigger/Checkpoints/DinoCheckpoint"]
transform = Transform3D(1, 0, 0, 0, 1, 0, 0, 0, 1, 0, 8, 0)
shape = SubResource("BoxShape3D_7jbaj")

[node name="BoatLCheckpoint" parent="Trigger/Checkpoints" instance=ExtResource("15_86eng")]
transform = Transform3D(0.602248, 0, -0.79831, 0, 1, 0, 0.79831, 0, 0.602248, -460.553, -277.083, -1127.55)
"Enter Mode" = 0

[node name="Checkpoint" type="Node3D" parent="Trigger/Checkpoints/BoatLCheckpoint"]
transform = Transform3D(0.996195, 0, -0.0871557, 0, 1, 0, 0.0871557, 0, 0.996195, -0.242432, 0, 9.84119)
script = ExtResource("15_1ew2u")

[node name="CollisionShape3D" type="CollisionShape3D" parent="Trigger/Checkpoints/BoatLCheckpoint"]
transform = Transform3D(1, 0, 0, 0, 1, 0, 0, 0, 1, 2.13379, 8, -3.05176e-05)
shape = SubResource("BoxShape3D_74bek")

[node name="BoatRCheckpoint" parent="Trigger/Checkpoints" instance=ExtResource("15_86eng")]
transform = Transform3D(0.731723, 0, -0.681603, 0, 1, 0, 0.681603, 0, 0.731723, -464.062, -277.083, -1132.84)
"Enter Mode" = 0

[node name="Checkpoint" type="Node3D" parent="Trigger/Checkpoints/BoatRCheckpoint"]
transform = Transform3D(0.996195, 0, 0.0871557, 0, 1, 0, -0.0871557, 0, 0.996195, -0.0424805, 0, 9.84122)
script = ExtResource("15_1ew2u")

[node name="CollisionShape3D" type="CollisionShape3D" parent="Trigger/Checkpoints/BoatRCheckpoint"]
transform = Transform3D(1, 0, 0, 0, 1, 0, 0, 0, 1, -1.72119, 8, 0)
shape = SubResource("BoxShape3D_74bek")

[node name="FeedingTunnelCheckpoint" parent="Trigger/Checkpoints" instance=ExtResource("15_86eng")]
transform = Transform3D(0.708352, 0, -0.705859, 0, 1, 0, 0.705859, 0, 0.708352, -633.953, -280.789, -1057.09)
"Enter Mode" = 0

[node name="Checkpoint" type="Node3D" parent="Trigger/Checkpoints/FeedingTunnelCheckpoint"]
script = ExtResource("15_1ew2u")

[node name="CollisionShape3D" type="CollisionShape3D" parent="Trigger/Checkpoints/FeedingTunnelCheckpoint"]
transform = Transform3D(1, 0, 0, 0, 1, 0, 0, 0, 1, 0, 8, 0)
shape = SubResource("BoxShape3D_7jbaj")

[node name="Object" type="Node3D" parent="Trigger"]

[node name="CaveRejoinTrigger" parent="Trigger/Object" instance=ExtResource("15_86eng")]
transform = Transform3D(-0.999182, 0, 0.0404277, 0, 1, 0, -0.0404277, 0, -0.999182, -362.983, -218.815, -776.465)
"Enter Mode" = 0

[node name="Path" type="Node3D" parent="Trigger/Object/CaveRejoinTrigger" node_paths=PackedStringArray("path")]
script = ExtResource("35_vf0rg")
path = NodePath("../../../../Path/CavePath")

[node name="Camera" type="Node3D" parent="Trigger/Object/CaveRejoinTrigger"]
transform = Transform3D(0.999884, 0, 0.0152704, 0, 1, 0, -0.0152704, 0, 0.999884, -0.112183, 0.0325928, 0.0930786)
script = ExtResource("36_8t574")
transitionTime = 0.5
settings = ExtResource("37_lloeo")
previousSettings = ExtResource("37_lloeo")

[node name="CollisionShape3D" type="CollisionShape3D" parent="Trigger/Object/CaveRejoinTrigger"]
transform = Transform3D(1, 0, 0, 0, 1, 0, 0, 0, 1, 0, 13, 0)
shape = SubResource("BoxShape3D_3fp3q")

[node name="WaterTrigger" parent="Trigger/Object" instance=ExtResource("15_86eng")]
transform = Transform3D(1, 0, 0, 0, 1, 0, 0, 0, 1, -302, -282, -960)
"Enter Mode" = 0

[node name="WaterTrigger" type="Node3D" parent="Trigger/Object/WaterTrigger"]
script = ExtResource("34_eyh5k")
triggerType = 1

[node name="CollisionShape3D" type="CollisionShape3D" parent="Trigger/Object/WaterTrigger"]
transform = Transform3D(1, 0, 0, 0, 1, 0, 0, 0, 1, -58.2767, 44, 253.661)
shape = SubResource("BoxShape3D_x053g")

[node name="CollisionShape3D2" type="CollisionShape3D" parent="Trigger/Object/WaterTrigger"]
transform = Transform3D(1, 0, 0, 0, 1, 0, 0, 0, 1, -18.5, 0, -32.043)
shape = SubResource("BoxShape3D_x053g")

[node name="CollisionShape3D3" type="CollisionShape3D" parent="Trigger/Object/WaterTrigger"]
transform = Transform3D(1, 0, 0, 0, 1, 0, 0, 0, 1, -242.386, 0, -126.234)
shape = SubResource("BoxShape3D_x053g")

[node name="CollisionShape3D4" type="CollisionShape3D" parent="Trigger/Object/WaterTrigger"]
transform = Transform3D(1, 0, 0, 0, 1, 0, 0, 0, 1, -516, 0, -128.403)
shape = SubResource("BoxShape3D_x053g")

[node name="CaveLogLockoutTrigger1" parent="Trigger/Object" instance=ExtResource("15_86eng")]
transform = Transform3D(-0.999457, 0, -0.0329635, 0, 1, 0, 0.0329635, 0, -0.999457, -368.511, -218.064, -666.653)
"Trigger Mode" = 2
"Enter Mode" = 0
"Exit Mode" = 0

[node name="Path" type="Node3D" parent="Trigger/Object/CaveLogLockoutTrigger1"]
transform = Transform3D(1, 0, 0, 0, 1, 0, 0, 0, 1, -30.7302, 43.764, -98.5685)
script = ExtResource("23_rku1n")
lockoutData = ExtResource("24_0y0cf")

[node name="CollisionShape3D" type="CollisionShape3D" parent="Trigger/Object/CaveLogLockoutTrigger1"]
shape = SubResource("BoxShape3D_jw4vw")

[node name="CaveLogLockoutTrigger2" parent="Trigger/Object" instance=ExtResource("15_86eng")]
transform = Transform3D(-0.729387, 0, -0.684102, 0, 1, 0, 0.684102, 0, -0.729387, -377.836, -217.464, -692.687)
"Trigger Mode" = 2
"Enter Mode" = 0
"Exit Mode" = 0

[node name="Path" type="Node3D" parent="Trigger/Object/CaveLogLockoutTrigger2"]
transform = Transform3D(1, 0, 0, 0, 1, 0, 0, 0, 1, -30.7302, 43.764, -98.5685)
script = ExtResource("23_rku1n")
lockoutData = ExtResource("24_0y0cf")

[node name="CollisionShape3D" type="CollisionShape3D" parent="Trigger/Object/CaveLogLockoutTrigger2"]
shape = SubResource("BoxShape3D_jw4vw")

[node name="DriftTrigger" parent="Trigger/Object" instance=ExtResource("33_q44ch")]
transform = Transform3D(0.931748, 0, 0.363105, 0, 1, 0, -0.363105, 0, 0.931748, -434.051, -265, -918.127)
isRightTurn = true
slideDistance = 6

[node name="CollisionShape3D" type="CollisionShape3D" parent="Trigger/Object/DriftTrigger"]
transform = Transform3D(1, 0, 0, 0, 1, 0, 0, 0, 1, 0, 8, 0)
shape = SubResource("BoxShape3D_ibe76")

[node name="LogAutomationTrigger" parent="Trigger/Object" instance=ExtResource("14_lokxv")]
transform = Transform3D(-0.707107, 0, 0.707107, 0, 1, 0, -0.707107, 0, -0.707107, -392.077, -264.264, -936.318)
endPoint = 45.0

[node name="Path" type="Node3D" parent="Trigger/Object/LogAutomationTrigger" node_paths=PackedStringArray("path")]
transform = Transform3D(0.831954, 0, 0.554845, 0, 1, 0, -0.554845, 0, 0.831954, -30.7302, 43.764, -98.5684)
script = ExtResource("35_vf0rg")
path = NodePath("../../../../Path/LogAutomationPath")
affectCamera = false

[node name="Camera" type="Node3D" parent="Trigger/Object/LogAutomationTrigger"]
script = ExtResource("36_8t574")
transitionTime = 0.5
settings = ExtResource("23_pnpt3")
previousSettings = ExtResource("34_qb2qj")

[node name="CollisionShape3D" type="CollisionShape3D" parent="Trigger/Object/LogAutomationTrigger"]
shape = SubResource("SphereShape3D_iq0gp")

[node name="CollisionShape3D2" type="CollisionShape3D" parent="Trigger/Object/LogAutomationTrigger"]
transform = Transform3D(0.766045, 0, 0.642788, 0, 1, 0, -0.642788, 0, 0.766045, 1.32147, 2, 3.3107)
shape = SubResource("SphereShape3D_iq0gp")

[node name="LogRecenterTrigger" parent="Trigger/Object" instance=ExtResource("15_86eng")]
transform = Transform3D(0.396748, 0, 0.917928, 0, 1, 0, -0.917928, 0, 0.396748, -343.562, -258.964, -957.714)
"Trigger Mode" = 2
"Enter Mode" = 0
"Exit Mode" = 0

[node name="Lockout" type="Node3D" parent="Trigger/Object/LogRecenterTrigger"]
transform = Transform3D(0.831954, 0, 0.554845, 0, 1, 0, -0.554845, 0, 0.831954, -30.7302, 43.764, -98.5685)
script = ExtResource("23_rku1n")
lockoutData = ExtResource("24_0y0cf")

[node name="CollisionShape3D" type="CollisionShape3D" parent="Trigger/Object/LogRecenterTrigger"]
transform = Transform3D(1, 0, 0, 0, 1, 0, 0, 0, 1, 0, 8, 0)
shape = SubResource("BoxShape3D_ey50s")

[node name="Apatos1" type="Node3D" parent="Trigger/Object"]
transform = Transform3D(0.984808, 0, 0.173648, 0, 1, 0, -0.173648, 0, 0.984808, -284.89, -295.392, -1024.57)

[node name="ActivateTrigger" parent="Trigger/Object/Apatos1" instance=ExtResource("15_86eng")]
transform = Transform3D(-0.984808, 0, 0.173648, 0, 1, 0, -0.173648, 0, -0.984808, -4.77853, 38.2302, 41.1746)
"Trigger Mode" = 2
"Exit Mode" = 2

[node name="EventTrigger" type="Node3D" parent="Trigger/Object/Apatos1/ActivateTrigger" node_paths=PackedStringArray("animator")]
transform = Transform3D(1, 0, 1.42109e-14, 0, 1, 0, -1.42109e-14, 0, 1, 0, 0, 0)
script = ExtResource("16_vyk20")
"Trigger Settings/Automatically Respawn" = true
"Trigger Settings/Is One Shot" = true
"Trigger Settings/Player Stand-in" = NodePath("")
animator = NodePath("DinoApatos/AnimationPlayer")

[node name="DinoApatos" parent="Trigger/Object/Apatos1/ActivateTrigger/EventTrigger" instance=ExtResource("25_s85nr")]
transform = Transform3D(-0.984808, 0, -0.173648, 0, 1, 0, 0.173648, 0, -0.984808, 2.44394, -38.2302, 41.3788)

[node name="AnimationPlayer" type="AnimationPlayer" parent="Trigger/Object/Apatos1/ActivateTrigger/EventTrigger/DinoApatos"]
libraries = {
"": ExtResource("27_vi4ly")
}

[node name="JumpTrigger" type="Node3D" parent="Trigger/Object/Apatos1/ActivateTrigger"]
transform = Transform3D(-0.965926, 0, 0.258819, 0, 1, 0, -0.258819, 0, -0.965926, -0.446075, 5.46184, 9.80847)
script = ExtResource("22_vku8w")
jumpHeight = 15.0
autoAlign = true

[node name="Camera" type="Node3D" parent="Trigger/Object/Apatos1/ActivateTrigger"]
transform = Transform3D(-0.965926, 0, 0.258819, 0, 1, 0, -0.258819, 0, -0.965926, 29.1186, -20.5381, 11.5186)
script = ExtResource("36_8t574")
deactivationTransitionTime = 0.5
UpdateEveryFrame = true
settings = ExtResource("28_7w0ww")
previousSettings = ExtResource("29_eqruc")

