[gd_scene load_steps=6 format=3 uid="uid://73anx5oj2sbq"]

[ext_resource type="PackedScene" uid="uid://cjupypih0myxo" path="res://object/player/CharacterSpawn.tscn" id="2_evume"]
[ext_resource type="PackedScene" uid="uid://cp32qqdvukmxh" path="res://area/1 sand oasis/object/grindrail/Grindrail05.tscn" id="3_nhew0"]
[ext_resource type="PackedScene" uid="uid://c0wwow83r4jry" path="res://object/enemy/majin/data/sand oasis/BlueMajin.tscn" id="4_3eyst"]
[ext_resource type="PackedScene" uid="uid://7kcasi6v1odv" path="res://area/1 sand oasis/act 2/Static.tscn" id="5_pjioi"]
[ext_resource type="PackedScene" uid="uid://bdxneanubmcid" path="res://area/3 evil foundry/object/GasTank.tscn" id="5_wo34n"]

[node name="Stage" type="Node"]

[node name="Static" parent="." instance=ExtResource("5_pjioi")]
"Level ID" = "so_a2_main"
"Disable Countdown" = false

[node name="MainAct" type="Node3D" parent="."]

[node name="SpawnPosition" type="Node3D" parent="MainAct"]
metadata/_edit_lock_ = true

[node name="CharacterSpawn" parent="MainAct/SpawnPosition" instance=ExtResource("2_evume")]

[node name="Grindrail" parent="MainAct" instance=ExtResource("3_nhew0")]
transform = Transform3D(-0.939693, 0, -0.34202, 0, 1, 0, 0.34202, 0, -0.939693, 0.68404, 0.3, 1.87939)

[node name="BlueMajin" parent="MainAct" instance=ExtResource("4_3eyst")]
transform = Transform3D(-0.939693, 0, -0.34202, 0, 1, 0, 0.34202, 0, -0.939693, 4.95757, 0, 7.77319)

[node name="GasTank" parent="." instance=ExtResource("5_wo34n")]
transform = Transform3D(0.939693, 0, 0.34202, 0, 1, 0, -0.34202, 0, 0.939693, -0.281908, 0.9, 4.80261)
height = 4.0
endPosition = Vector3(4, 1, 5)
