[gd_scene load_steps=33 format=3 uid="uid://rd424odd6vog"]

[ext_resource type="PackedScene" uid="uid://skx536edn7yd" path="res://area/1 sand oasis/act 2/Static.tscn" id="1_bisxc"]
[ext_resource type="Resource" uid="uid://dvnuufmf05gc4" path="res://resource/level data/sand oasis/Act2Timed.tres" id="2_82tvw"]
[ext_resource type="PackedScene" uid="uid://cjupypih0myxo" path="res://object/player/CharacterSpawn.tscn" id="3_fyywe"]
[ext_resource type="Script" path="res://object/trigger/modules/CullingTrigger.cs" id="4_j40le"]
[ext_resource type="Script" path="res://addons/custom_nodes/script/ObjectGenerator.cs" id="5_hejx8"]
[ext_resource type="PackedScene" uid="uid://c7l8mr7ubn848" path="res://object/stage/pickups/Ring.tscn" id="6_a2050"]
[ext_resource type="PackedScene" uid="uid://chwt62jenntgq" path="res://area/1 sand oasis/object/grindrail/Grindrail03.tscn" id="7_0gntm"]
[ext_resource type="PackedScene" uid="uid://dsms0ivmnpaq8" path="res://area/1 sand oasis/object/Jar.tscn" id="7_4ap88"]
[ext_resource type="PackedScene" uid="uid://cayultvy710ro" path="res://area/1 sand oasis/object/grindrail/Grindrail02.tscn" id="7_8vblg"]
[ext_resource type="Script" path="res://object/stage/pickups/resource/script/Ring.cs" id="8_2peb2"]
[ext_resource type="PackedScene" uid="uid://dnfwvf2akhf1v" path="res://area/1 sand oasis/object/FlameShooter.tscn" id="8_w0q67"]
[ext_resource type="PackedScene" uid="uid://d0b2gvx7s6s8u" path="res://object/stage/pickups/Pearl.tscn" id="9_vkfck"]
[ext_resource type="PackedScene" uid="uid://sqgtk20ye5tc" path="res://area/1 sand oasis/object/grindrail/Grindrail01.tscn" id="10_akqhi"]
[ext_resource type="PackedScene" uid="uid://bhnh1as6xgpiy" path="res://object/stage/common/DashPanel.tscn" id="10_j7m7o"]
[ext_resource type="PackedScene" uid="uid://ckdbjdh4kah38" path="res://object/enemy/majin/data/sand oasis/RedMajin.tscn" id="11_u0sg1"]
[ext_resource type="PackedScene" uid="uid://87lgwwefd4g4" path="res://object/stage/common/JumpPanel.tscn" id="13_lhs2t"]
[ext_resource type="PackedScene" uid="uid://c0wwow83r4jry" path="res://object/enemy/majin/data/sand oasis/BlueMajin.tscn" id="14_xhs4f"]
[ext_resource type="PackedScene" uid="uid://b8m1x0tudbcbd" path="res://object/stage/common/Spring.tscn" id="15_uj0tw"]
[ext_resource type="Script" path="res://object/trigger/modules/PathTrigger.cs" id="16_d5ycc"]
[ext_resource type="Script" path="res://object/trigger/modules/CameraTrigger.cs" id="17_cssad"]
[ext_resource type="PackedScene" uid="uid://68st06xyjgvp" path="res://object/stage/pickups/RichRing.tscn" id="17_j1qhp"]
[ext_resource type="Resource" uid="uid://cm5dcqw8kt7d1" path="res://area/1 sand oasis/act 2/camera/IslandCam.tres" id="18_leqpa"]
[ext_resource type="PackedScene" uid="uid://cyabnlg7vd3v6" path="res://area/1 sand oasis/object/grindrail/Grindrail04.tscn" id="19_db57d"]
[ext_resource type="PackedScene" uid="uid://cx36fswvjfblm" path="res://object/stage/destructable/EnemyStone.tscn" id="20_2bka6"]
[ext_resource type="PackedScene" uid="uid://dxepb172kmp8n" path="res://object/stage/common/Goal.tscn" id="21_aqlmb"]
[ext_resource type="PackedScene" uid="uid://cnmcjtn4wnmvp" path="res://area/1 sand oasis/object/platform/BridgeLegless.tscn" id="22_4kjoc"]
[ext_resource type="PackedScene" uid="uid://ceu8n7e4dff41" path="res://area/1 sand oasis/object/platform/BridgeOneLeg.tscn" id="23_jo1yk"]
[ext_resource type="PackedScene" uid="uid://rn3uo7tgdchl" path="res://area/1 sand oasis/object/pillar/SquarePillarMid.tscn" id="28_swgsr"]
[ext_resource type="PackedScene" uid="uid://cp32qqdvukmxh" path="res://area/1 sand oasis/object/grindrail/Grindrail05.tscn" id="29_vafce"]
[ext_resource type="PackedScene" uid="uid://b6ilbxxvqailo" path="res://area/1 sand oasis/object/pillar/CircularPillar.tscn" id="30_xf8hm"]
[ext_resource type="PackedScene" uid="uid://cxb1fxhrsja13" path="res://object/stage/common/SpikeBallStatic.tscn" id="31_3brx1"]

[sub_resource type="BoxShape3D" id="BoxShape3D_hqpy5"]
size = Vector3(36.9868, 12.769, 4.60156)

[node name="World" type="Node"]

[node name="Static" parent="." instance=ExtResource("1_bisxc")]
Data = ExtResource("2_82tvw")
metadata/_edit_lock_ = true

[node name="JarlessAct" type="Node3D" parent="."]

[node name="SpawnPosition" type="Node3D" parent="JarlessAct"]
transform = Transform3D(0.707107, 0, 0.707107, 0, 1, 0, -0.707107, 0, 0.707107, -306.5, -65, -418)
metadata/_edit_lock_ = true

[node name="CharacterSpawn" parent="JarlessAct/SpawnPosition" instance=ExtResource("3_fyywe")]

[node name="Interior" type="Node3D" parent="JarlessAct"]
transform = Transform3D(0.707107, 0, 0.707107, 0, 1, 0, -0.707107, 0, 0.707107, -306.5, -65, -418)
script = ExtResource("4_j40le")
startEnabled = true
saveVisibilityOnCheckpoint = true

[node name="Grindrail" parent="JarlessAct/Interior" instance=ExtResource("7_0gntm")]
transform = Transform3D(-8.9407e-08, 0, -1, 0, 1, 0, 1, 0, -8.9407e-08, -1.92896, 0.262207, 15.5078)
startCapPath = NodePath("")
endCapPath = NodePath("")

[node name="Grindrail2" parent="JarlessAct/Interior" instance=ExtResource("10_akqhi")]
transform = Transform3D(-0.707107, -1.03964e-07, -0.707107, -8.74229e-08, 1, -5.96046e-08, 0.707107, 1.96705e-08, -0.707107, 40.3936, 0.244736, 14.9318)
startCapPath = NodePath("")
endCapPath = NodePath("")

[node name="Grindrail3" parent="JarlessAct/Interior" instance=ExtResource("7_8vblg")]
transform = Transform3D(-0.707107, -1.03964e-07, -0.707107, -8.74229e-08, 1, -5.96046e-08, 0.707107, 1.96705e-08, -0.707107, 49.5225, 0.244736, 26.8424)
startCapPath = NodePath("")
endCapPath = NodePath("")

[node name="Grindrail4" parent="JarlessAct/Interior" instance=ExtResource("7_0gntm")]
transform = Transform3D(-1, -1.03964e-07, 0, -1.03964e-07, 1, 1.96703e-08, 0, 1.96704e-08, -1, 73.3994, 0.249947, 48.1431)
startCapPath = NodePath("")
endCapPath = NodePath("")

[node name="Grindrail5" parent="JarlessAct/Interior" instance=ExtResource("7_0gntm")]
transform = Transform3D(-1, -1.03964e-07, 0, -1.03964e-07, 1, 1.96703e-08, 0, 1.96704e-08, -1, 71.5645, 0.249947, 83.8792)
startCapPath = NodePath("")
endCapPath = NodePath("")

[node name="Grindrail6" parent="JarlessAct/Interior" instance=ExtResource("7_0gntm")]
transform = Transform3D(-1, -1.03964e-07, 0, -1.03964e-07, 1, 1.96703e-08, 0, 1.96704e-08, -1, 73.3767, 0.249947, 117.563)
startCapPath = NodePath("")
endCapPath = NodePath("")

[node name="Spring2" parent="JarlessAct/Interior" instance=ExtResource("15_uj0tw")]
transform = Transform3D(0.94436, -0.0499528, -0.325098, -0.0164558, 0.979987, -0.198381, 0.328501, 0.192693, 0.924639, 73.3839, 0.344788, 157.593)
middleHeight = 5.105
finalHeight = 0.27
distance = 2.895
launchDirection = 0
voiceKey = &""

[node name="Spring" parent="JarlessAct/Interior" instance=ExtResource("15_uj0tw")]
transform = Transform3D(0.885174, 0.0442072, -0.463157, -0.102757, 0.989469, -0.101944, 0.453772, 0.13783, 0.880395, 52.7204, 0.455307, 27.2587)
middleHeight = 5.105
finalHeight = 0.27
distance = 2.045
launchDirection = 0
voiceKey = &""

[node name="Rings1" type="Node3D" parent="JarlessAct/Interior"]
transform = Transform3D(-8.9407e-08, 0, -1, 0, 1, 0, 1, 0, -8.9407e-08, 16.1235, 1.06942, 15.3939)
script = ExtResource("5_hejx8")
Generate = false
Source = ExtResource("6_a2050")
Amount = 5
Shape = 0
Orientation = 0
Spacing = 4.8
"Horizontal Offset" = null
"Vertical Offset" = null

[node name="Child01" parent="JarlessAct/Interior/Rings1" instance=ExtResource("6_a2050")]

[node name="Child02" parent="JarlessAct/Interior/Rings1" instance=ExtResource("6_a2050")]
transform = Transform3D(1, 0, 0, 0, 1, 0, 0, 0, 1, 0, 0, -4.8)

[node name="Child03" parent="JarlessAct/Interior/Rings1" instance=ExtResource("6_a2050")]
transform = Transform3D(1, 0, 0, 0, 1, 0, 0, 0, 1, 0, 0, -9.6)

[node name="Child04" parent="JarlessAct/Interior/Rings1" instance=ExtResource("6_a2050")]
transform = Transform3D(1, 0, 0, 0, 1, 0, 0, 0, 1, 0, 0, -14.4)

[node name="Child05" parent="JarlessAct/Interior/Rings1" instance=ExtResource("6_a2050")]
transform = Transform3D(1, 0, 0, 0, 1, 0, 0, 0, 1, 0, 0, -19.2)

[node name="Jar" parent="JarlessAct/Interior" instance=ExtResource("7_4ap88")]
transform = Transform3D(-8.9407e-08, 0, -1, 0, 1, 0, 1, 0, -8.9407e-08, 33.4258, 0.262207, 13.6343)

[node name="JarL" parent="JarlessAct/Interior" instance=ExtResource("7_4ap88")]
transform = Transform3D(-0.740558, 0, -0.671992, 0, 1, 0, 0.671992, 0, -0.740558, 73.621, 0, 103.889)

[node name="JarR" parent="JarlessAct/Interior" instance=ExtResource("7_4ap88")]
transform = Transform3D(0.852312, 0, -0.523034, 0, 1, 0, 0.523034, 0, 0.852312, 71.0513, 0, 57.4012)

[node name="FlameShooter1" parent="JarlessAct/Interior" instance=ExtResource("8_w0q67")]
transform = Transform3D(0, -8.9407e-08, -1, -1, -4.37114e-08, 0, -4.37114e-08, 1, -8.9407e-08, 34, 5, 12.1999)

[node name="FlameShooter2" parent="JarlessAct/Interior" instance=ExtResource("8_w0q67")]
transform = Transform3D(0, -8.9407e-08, -1, -1, -4.37114e-08, 0, -4.37114e-08, 1, -8.9407e-08, 34, 4, 12.1999)

[node name="FlameShooter3" parent="JarlessAct/Interior" instance=ExtResource("8_w0q67")]
transform = Transform3D(3.09086e-08, 0.707107, -0.707107, 1, 4.37114e-08, 8.74228e-08, 9.27259e-08, -0.707107, -0.707107, 41.7781, 1, 21.3922)
"State Lengths/inactive" = 4.0
"State Lengths/active" = 0.8
stateLengths = [4.0, 0.8]

[node name="FlameShooter4" parent="JarlessAct/Interior" instance=ExtResource("8_w0q67")]
transform = Transform3D(3.09086e-08, 0.707107, -0.707107, 1, 4.37114e-08, 8.74228e-08, 9.27259e-08, -0.707107, -0.707107, 41.7781, 2, 21.3922)
"State Lengths/inactive" = 4.0
"State Lengths/active" = 0.8
stateLengths = [4.0, 0.8]

[node name="FlameShooter5" parent="JarlessAct/Interior" instance=ExtResource("8_w0q67")]
transform = Transform3D(-0.707107, -1.03964e-07, -0.707107, -8.74228e-08, 1, -5.96046e-08, 0.707107, 1.96704e-08, -0.707107, 49.2733, 0.000205994, 25.7761)

[node name="FlameShooter6" parent="JarlessAct/Interior" instance=ExtResource("8_w0q67")]
transform = Transform3D(-0.707107, -1.03964e-07, -0.707107, -8.74228e-08, 1, -5.96046e-08, 0.707107, 1.96704e-08, -0.707107, 48.5663, 0.000152588, 26.4832)

[node name="FlameShooter7" parent="JarlessAct/Interior" node_paths=PackedStringArray("animator", "timer") instance=ExtResource("8_w0q67")]
transform = Transform3D(-0.707107, -1.03964e-07, -0.707107, -8.74228e-08, 1, -5.96046e-08, 0.707107, 1.96704e-08, -0.707107, 57.9, 0.000205994, 31.8571)
animator = NodePath("../FlameShooter1/AnimationPlayer")
timer = NodePath("../FlameShooter1/Timer")

[node name="FlameShooter8" parent="JarlessAct/Interior" instance=ExtResource("8_w0q67")]
transform = Transform3D(-0.707107, -1.03964e-07, -0.707107, -8.74228e-08, 1, -5.96046e-08, 0.707107, 1.96704e-08, -0.707107, 57.193, 0.000152588, 32.5643)

[node name="FlameShooter9" parent="JarlessAct/Interior" instance=ExtResource("8_w0q67")]
transform = Transform3D(8.74228e-08, -1, 5.96046e-08, -1, -1.31134e-07, -8.47033e-22, 0, -5.96046e-08, -1, 74.7707, 1.80018, 52.5888)
"State Lengths/inactive" = 3.0
"State Lengths/active" = 2.0
stateLengths = [3.0, 2.0]

[node name="FlameShooter10" parent="JarlessAct/Interior" instance=ExtResource("8_w0q67")]
transform = Transform3D(8.74228e-08, -1, 5.96046e-08, -1, -1.31134e-07, -8.47033e-22, 0, -5.96046e-08, -1, 74.7709, 0.800186, 52.589)
"State Lengths/inactive" = 3.0
"State Lengths/active" = 2.0
stateLengths = [3.0, 2.0]

[node name="FlameShooter11" parent="JarlessAct/Interior" instance=ExtResource("8_w0q67")]
transform = Transform3D(-1, 0, 8.9407e-08, 0, 1, 0, -8.9407e-08, 0, -1, 71.422, -6.10352e-05, 72.7255)
"Current State" = 1

[node name="FlameShooter12" parent="JarlessAct/Interior" instance=ExtResource("8_w0q67")]
transform = Transform3D(-1, 0, 8.9407e-08, 0, 1, 0, -8.9407e-08, 0, -1, 73.476, -6.10352e-05, 94.2013)

[node name="FlameShooter13" parent="JarlessAct/Interior" instance=ExtResource("8_w0q67")]
transform = Transform3D(-1, 0, 8.9407e-08, 0, 1, 0, -8.9407e-08, 0, -1, 71.6686, -6.10352e-05, 124.925)

[node name="JarL2" parent="JarlessAct/Interior" instance=ExtResource("7_4ap88")]
transform = Transform3D(0.735583, 0.36629, -0.56987, -0.31499, 0.929682, 0.19098, 0.599752, 0.0390217, 0.799235, 73.1502, -0.11306, 173.756)

[node name="JarR2" parent="JarlessAct/Interior" instance=ExtResource("7_4ap88")]
transform = Transform3D(0.711696, 0, -0.702489, 0, 1, 0, 0.702489, 0, 0.711696, 70.7511, -0.00460815, 163.225)

[node name="UTurn" type="Node3D" parent="JarlessAct"]
transform = Transform3D(0.986323, 0, -0.164824, 0, 1, 0, 0.164824, 0, 0.986323, -82.5785, -32.7045, -338.245)
script = ExtResource("4_j40le")
startEnabled = true
saveVisibilityOnCheckpoint = true

[node name="Grindrail" parent="JarlessAct/UTurn" instance=ExtResource("19_db57d")]
transform = Transform3D(1, 0, 0, 0, 1, 0, 0, 0, 1, 14.7043, -11.9836, 13.9698)
startCapPath = NodePath("")
endCapPath = NodePath("")

[node name="Grindrail3" parent="JarlessAct/UTurn" instance=ExtResource("10_akqhi")]
transform = Transform3D(0.517953, 0, -0.85541, 0, 1, 0, 0.85541, 0, 0.517953, 46.4463, -12.0691, -97.4832)
startCapPath = NodePath("")
endCapPath = NodePath("")

[node name="Grindrail2" parent="JarlessAct/UTurn" instance=ExtResource("19_db57d")]
transform = Transform3D(0.858056, 0, -0.513556, 0, 1, 0, 0.513556, 0, 0.858056, 11.526, -11.9836, -45.6872)
startCapPath = NodePath("")
endCapPath = NodePath("")

[node name="Grindrail4" parent="JarlessAct/UTurn" instance=ExtResource("7_8vblg")]
transform = Transform3D(0.526956, 0, -0.849893, 0, 1, 0, 0.849893, 0, 0.526956, 39.0239, -12.0691, -96.9355)
startCapPath = NodePath("")
endCapPath = NodePath("")

[node name="Pearls" type="Node3D" parent="JarlessAct/UTurn"]
transform = Transform3D(1, 0, 0, 0, 1, 0, 0, 0, 1, -28.2253, -15.8812, 14.7431)
script = ExtResource("5_hejx8")
Generate = false
Source = ExtResource("9_vkfck")
Amount = 20
Shape = 2
Path = NodePath("../../../Static/Paths/BeachPath")
"Path Progress Offset" = 0.0
"Disable Path Y" = false
Spacing = 1.0
"Horizontal Offset" = null
"Vertical Offset" = null

[node name="Child01" parent="JarlessAct/UTurn/Pearls" instance=ExtResource("9_vkfck")]
transform = Transform3D(1, 0, 0, 0, 1, 0, 0, 0, 1, -0.00012207, -3.8147e-05, -3.05176e-05)

[node name="Child02" parent="JarlessAct/UTurn/Pearls" instance=ExtResource("9_vkfck")]
transform = Transform3D(1, 0, 0, 0, 1, 0, 0, 0, 1, 0.927582, 0.269325, 0.267853)

[node name="Child03" parent="JarlessAct/UTurn/Pearls" instance=ExtResource("9_vkfck")]
transform = Transform3D(1, 0, 0, 0, 1, 0, 0, 0, 1, 1.86996, 0.531387, 0.47226)

[node name="Child04" parent="JarlessAct/UTurn/Pearls" instance=ExtResource("9_vkfck")]
transform = Transform3D(1, 0, 0, 0, 1, 0, 0, 0, 1, 2.82288, 0.789688, 0.607269)

[node name="Child05" parent="JarlessAct/UTurn/Pearls" instance=ExtResource("9_vkfck")]
transform = Transform3D(1, 0, 0, 0, 1, 0, 0, 0, 1, 3.78111, 1.04733, 0.668549)

[node name="Child06" parent="JarlessAct/UTurn/Pearls" instance=ExtResource("9_vkfck")]
transform = Transform3D(1, 0, 0, 0, 1, 0, 0, 0, 1, 4.73883, 1.30685, 0.6539)

[node name="Child07" parent="JarlessAct/UTurn/Pearls" instance=ExtResource("9_vkfck")]
transform = Transform3D(1, 0, 0, 0, 1, 0, 0, 0, 1, 5.69016, 1.57021, 0.563293)

[node name="Child08" parent="JarlessAct/UTurn/Pearls" instance=ExtResource("9_vkfck")]
transform = Transform3D(1, 0, 0, 0, 1, 0, 0, 0, 1, 6.62828, 1.83852, 0.399017)

[node name="Child09" parent="JarlessAct/UTurn/Pearls" instance=ExtResource("9_vkfck")]
transform = Transform3D(1, 0, 0, 0, 1, 0, 0, 0, 1, 7.54068, 2.11828, 0.170349)

[node name="Child10" parent="JarlessAct/UTurn/Pearls" instance=ExtResource("9_vkfck")]
transform = Transform3D(1, 0, 0, 0, 1, 0, 0, 0, 1, 8.43124, 2.41573, -0.119568)

[node name="Child11" parent="JarlessAct/UTurn/Pearls" instance=ExtResource("9_vkfck")]
transform = Transform3D(1, 0, 0, 0, 1, 0, 0, 0, 1, 9.29617, 2.72887, -0.470398)

[node name="Child12" parent="JarlessAct/UTurn/Pearls" instance=ExtResource("9_vkfck")]
transform = Transform3D(1, 0, 0, 0, 1, 0, 0, 0, 1, 10.1324, 3.05532, -0.880371)

[node name="Child13" parent="JarlessAct/UTurn/Pearls" instance=ExtResource("9_vkfck")]
transform = Transform3D(1, 0, 0, 0, 1, 0, 0, 0, 1, 10.9377, 3.39222, -1.34631)

[node name="Child14" parent="JarlessAct/UTurn/Pearls" instance=ExtResource("9_vkfck")]
transform = Transform3D(1, 0, 0, 0, 1, 0, 0, 0, 1, 11.7108, 3.73662, -1.86392)

[node name="Child15" parent="JarlessAct/UTurn/Pearls" instance=ExtResource("9_vkfck")]
transform = Transform3D(1, 0, 0, 0, 1, 0, 0, 0, 1, 12.4521, 4.08551, -2.42822)

[node name="Child16" parent="JarlessAct/UTurn/Pearls" instance=ExtResource("9_vkfck")]
transform = Transform3D(1, 0, 0, 0, 1, 0, 0, 0, 1, 13.1629, 4.43608, -3.03372)

[node name="Child17" parent="JarlessAct/UTurn/Pearls" instance=ExtResource("9_vkfck")]
transform = Transform3D(1, 0, 0, 0, 1, 0, 0, 0, 1, 13.8461, 4.78559, -3.67477)

[node name="Child18" parent="JarlessAct/UTurn/Pearls" instance=ExtResource("9_vkfck")]
transform = Transform3D(1, 0, 0, 0, 1, 0, 0, 0, 1, 14.5053, 5.13152, -4.34598)

[node name="Child19" parent="JarlessAct/UTurn/Pearls" instance=ExtResource("9_vkfck")]
transform = Transform3D(1, 0, 0, 0, 1, 0, 0, 0, 1, 15.1451, 5.47144, -5.04199)

[node name="Child20" parent="JarlessAct/UTurn/Pearls" instance=ExtResource("9_vkfck")]
transform = Transform3D(1, 0, 0, 0, 1, 0, 0, 0, 1, 15.7712, 5.80297, -5.75766)

[node name="DashPanel" parent="JarlessAct/UTurn" instance=ExtResource("10_j7m7o")]
transform = Transform3D(1, 0, 0, 0, 1, 0, 0, 0, 1, 1.76233, -7.28638, 24.6955)

[node name="DashPanel3" parent="JarlessAct/UTurn" instance=ExtResource("10_j7m7o")]
transform = Transform3D(1, 0, 0, 0, 1, 0, 0, 0, 1, 3.754, -7.286, 24.695)

[node name="DashPanel2" parent="JarlessAct/UTurn" instance=ExtResource("10_j7m7o")]
transform = Transform3D(1, 0, 0, 0, 1, 0, 0, 0, 1, -0.232, -7.286, 24.695)

[node name="Rings" type="Node3D" parent="JarlessAct/UTurn"]
transform = Transform3D(1, 0, 0, 0, 1, 0, 0, 0, 1, 14.7042, -11.5461, -0.570862)
script = ExtResource("5_hejx8")
Generate = false
Source = ExtResource("6_a2050")
Amount = 10
Shape = 0
Orientation = 0
Spacing = 4.7
"Horizontal Offset" = null
"Vertical Offset" = null

[node name="Child01" parent="JarlessAct/UTurn/Rings" instance=ExtResource("6_a2050")]

[node name="Child02" parent="JarlessAct/UTurn/Rings" instance=ExtResource("6_a2050")]
transform = Transform3D(1, 0, 0, 0, 1, 0, 0, 0, 1, 0, 0, -4.7)

[node name="Child03" parent="JarlessAct/UTurn/Rings" instance=ExtResource("6_a2050")]
transform = Transform3D(1, 0, 0, 0, 1, 0, 0, 0, 1, 0, 0, -9.4)

[node name="Child04" parent="JarlessAct/UTurn/Rings" instance=ExtResource("6_a2050")]
transform = Transform3D(1, 0, 0, 0, 1, 0, 0, 0, 1, 0, 0, -14.1)

[node name="Child05" parent="JarlessAct/UTurn/Rings" instance=ExtResource("6_a2050")]
transform = Transform3D(1, 0, 0, 0, 1, 0, 0, 0, 1, 0, 0, -18.8)

[node name="Child06" parent="JarlessAct/UTurn/Rings" instance=ExtResource("6_a2050")]
transform = Transform3D(1, 0, 0, 0, 1, 0, 0, 0, 1, 0, 0, -23.5)

[node name="Child07" parent="JarlessAct/UTurn/Rings" instance=ExtResource("6_a2050")]
transform = Transform3D(1, 0, 0, 0, 1, 0, 0, 0, 1, 0, 0, -28.2)

[node name="Child08" parent="JarlessAct/UTurn/Rings" instance=ExtResource("6_a2050")]
transform = Transform3D(1, 0, 0, 0, 1, 0, 0, 0, 1, 0, 0, -32.9)

[node name="Child09" parent="JarlessAct/UTurn/Rings" instance=ExtResource("6_a2050")]
transform = Transform3D(1, 0, 0, 0, 1, 0, 0, 0, 1, 0, 0, -37.6)

[node name="Child10" parent="JarlessAct/UTurn/Rings" instance=ExtResource("6_a2050")]
transform = Transform3D(1, 0, 0, 0, 1, 0, 0, 0, 1, 0, 0, -42.3)

[node name="Jar3" type="Node3D" parent="JarlessAct/UTurn"]
transform = Transform3D(0.999984, 0, 0.00575954, 0, 1, 0, -0.00575954, 0, 0.999984, 12.4544, -12.2915, -50.2569)
script = ExtResource("5_hejx8")
Generate = false
Source = ExtResource("7_4ap88")
Amount = 3
Shape = 2
Path = NodePath("../../../Static/Paths/IslandEndPath")
"Path Progress Offset" = 0.0
"Disable Path Y" = false
Spacing = 5.0
"Horizontal Offset" = null
"Vertical Offset" = null

[node name="Child02" parent="JarlessAct/UTurn/Jar3" instance=ExtResource("7_4ap88")]
transform = Transform3D(1, 0, 0, 0, 1, 0, 0, 0, 1, 1.3427, -0.00239182, -5.00565)

[node name="Child03" parent="JarlessAct/UTurn/Jar3" instance=ExtResource("7_4ap88")]
transform = Transform3D(1, 0, 0, 0, 1, 0, 0, 0, 1, 2.99847, -0.00497437, -9.89282)

[node name="Islands" type="Node3D" parent="JarlessAct"]
transform = Transform3D(-4.37114e-08, 0, 1, 0, 1, 0, -1, 0, -4.37114e-08, 0, -44.998, -436)
script = ExtResource("4_j40le")
startEnabled = true
saveVisibilityOnCheckpoint = true

[node name="JumpPanelL" parent="JarlessAct/Islands" instance=ExtResource("13_lhs2t")]
transform = Transform3D(1, 0, 0, 0, 1, 0, 0, 0, 1, 2, 0, 0)
middleHeight = 6.0
distance = 50.0

[node name="JumpPanelR" parent="JarlessAct/Islands" instance=ExtResource("13_lhs2t")]
transform = Transform3D(1, 0, 0, 0, 1, 0, 0, 0, 1, -2, 0, 0)
middleHeight = 6.0
distance = 50.0

[node name="Ring" parent="JarlessAct/Islands" instance=ExtResource("6_a2050")]
transform = Transform3D(-0.999789, -2.03189e-06, 0.0205592, 0.00107124, 0.998637, 0.0521929, -0.0205309, 0.0522039, -0.998426, 2.02408, -1.13239, 68.7124)

[node name="Ring2" parent="JarlessAct/Islands" instance=ExtResource("6_a2050")]
transform = Transform3D(-0.999789, -2.03188e-06, 0.0205592, 0.00107124, 0.998637, 0.0521929, -0.0205309, 0.0522039, -0.998426, -2.18948, -1.12787, 68.6258)

[node name="Ring3" parent="JarlessAct/Islands" instance=ExtResource("6_a2050")]
transform = Transform3D(-0.999788, -2.03161e-06, 0.0205592, 0.00107124, 0.998637, 0.0521929, -0.0205309, 0.0522038, -0.998425, -2.26187, 0.649948, 76.6203)

[node name="Ring4" parent="JarlessAct/Islands" instance=ExtResource("6_a2050")]
transform = Transform3D(-0.999788, -2.03161e-06, 0.0205592, 0.00107124, 0.998636, 0.0521929, -0.0205309, 0.0522038, -0.998425, 0.0206909, 0.713615, 76.6706)

[node name="Jar1" parent="JarlessAct/Islands" instance=ExtResource("7_4ap88")]
transform = Transform3D(-0.999789, -2.03191e-06, 0.0205592, 0.00107124, 0.998637, 0.0521929, -0.0205309, 0.0522039, -0.998426, 2.02408, -1.91136, 68.6716)

[node name="Jar2" parent="JarlessAct/Islands" instance=ExtResource("7_4ap88")]
transform = Transform3D(-0.999789, -2.03191e-06, 0.0205592, 0.00107124, 0.998637, 0.0521929, -0.0205309, 0.0522039, -0.998426, 0.000701904, -1.90919, 68.6301)

[node name="Jar3" parent="JarlessAct/Islands" instance=ExtResource("7_4ap88")]
transform = Transform3D(-0.999789, -2.03191e-06, 0.0205592, 0.00107124, 0.998637, 0.0521929, -0.0205309, 0.0522039, -0.998426, -2.14114, -1.90689, 68.5861)

[node name="Jar4" parent="JarlessAct/Islands" instance=ExtResource("7_4ap88")]
transform = Transform3D(-0.999789, -2.03191e-06, 0.0205592, 0.00107124, 0.998637, 0.0521929, -0.0205309, 0.0522039, -0.998426, 2.01019, 0.0313835, 76.6048)

[node name="Jar5" parent="JarlessAct/Islands" instance=ExtResource("7_4ap88")]
transform = Transform3D(-0.999789, -2.03191e-06, 0.0205592, 0.00107124, 0.998637, 0.0521929, -0.0205309, 0.0522039, -0.998426, -0.0131836, 0.0335541, 76.5632)

[node name="Jar6" parent="JarlessAct/Islands" instance=ExtResource("7_4ap88")]
transform = Transform3D(-0.999789, -2.03191e-06, 0.0205592, 0.00107124, 0.998637, 0.0521929, -0.0205309, 0.0522039, -0.998426, -2.15503, 0.0358505, 76.5192)

[node name="RichRing" parent="JarlessAct/Islands" instance=ExtResource("17_j1qhp")]
transform = Transform3D(-0.999789, -2.03191e-06, 0.0205592, 0.00107124, 0.998637, 0.0521929, -0.0205309, 0.0522039, -0.998426, 2.00882, 0.913651, 76.6509)

[node name="RichRing2" parent="JarlessAct/Islands" instance=ExtResource("17_j1qhp")]
transform = Transform3D(-0.999788, -2.03161e-06, 0.0205592, 0.00107124, 0.998637, 0.0521929, -0.0205309, 0.0522038, -0.998425, -0.0159302, -1.05026, 68.6743)

[node name="BlueMajin1" parent="JarlessAct/Islands" instance=ExtResource("14_xhs4f")]
transform = Transform3D(-1, 0, -8.74228e-08, 0, 1, 0, 8.74228e-08, 0, -1, 0, 0, 100)
"Defeat Settings/Enable Enemy Launching" = true
"Defeat Settings/Launch Time" = 0.5
"Defeat Settings/Launch Direction" = Vector3(0, 0, 15)
"Defeat Settings/Local Transform" = true

[node name="BlueMajin2" parent="JarlessAct/Islands" instance=ExtResource("14_xhs4f")]
transform = Transform3D(-1, 0, -8.74228e-08, 0, 1, 0, 8.74228e-08, 0, -1, -2, 4, 109)
"Defeat Settings/Enable Enemy Launching" = true
"Defeat Settings/Launch Time" = 0.5
"Defeat Settings/Launch Direction" = Vector3(0, 0, 10)
"Defeat Settings/Local Transform" = true
rangeOverride = 30

[node name="Spring" parent="JarlessAct/Islands" instance=ExtResource("15_uj0tw")]
transform = Transform3D(0.203395, -0.771569, -0.602753, 0.965926, 0.258765, -0.00529385, 0.160056, -0.581138, 0.79791, -2.27866, 9.1, 118.006)
middleHeight = 3.0
finalHeight = -14.0
distance = 57.0
voiceKey = &""

[node name="Path" type="Node3D" parent="JarlessAct/Islands/Spring" node_paths=PackedStringArray("path")]
script = ExtResource("16_d5ycc")
path = NodePath("../../../../Static/Paths/IslandPath")

[node name="Camera" type="Node3D" parent="JarlessAct/Islands/Spring"]
script = ExtResource("17_cssad")
transitionTime = 0.5
settings = ExtResource("18_leqpa")

[node name="Grindrail" parent="JarlessAct/Islands" instance=ExtResource("19_db57d")]
transform = Transform3D(0.599024, 0.073964, 0.797308, -2.75286e-09, 0.995725, -0.0923706, -0.800731, 0.0553322, 0.596463, -44.6391, -3.88827, 86.1569)
startCapPath = NodePath("")
endCapPath = NodePath("")

[node name="Grindrail" parent="JarlessAct/Islands/Grindrail" instance=ExtResource("19_db57d")]
transform = Transform3D(1, 0, -1.19209e-07, -1.49012e-08, 1, -2.98023e-08, 2.98023e-08, 3.72529e-08, 1, 2.41386, 7.62939e-06, -14.0534)
startCapPath = NodePath("")
endCapPath = NodePath("")

[node name="Spring2" parent="JarlessAct/Islands" instance=ExtResource("15_uj0tw")]
transform = Transform3D(-0.705436, -0.231377, -0.669944, -0.0562688, 0.960515, -0.27248, 0.706537, -0.15452, -0.6906, -92.5551, 1.66547, 50.2964)
middleHeight = 11.79
finalHeight = 2.0
distance = 8.19
launchDirection = 0
voiceKey = &""

[node name="Rings" type="Node3D" parent="JarlessAct/Islands"]
transform = Transform3D(0.599024, 0.073964, 0.797308, 0, 0.995725, -0.0923706, -0.800731, 0.0553322, 0.596463, -77.0035, 0.596741, 58.9479)
script = ExtResource("5_hejx8")
Generate = false
Source = ExtResource("6_a2050")
Amount = 5
Shape = 0
Orientation = 0
Spacing = 5.0
"Horizontal Offset" = null
"Vertical Offset" = null

[node name="Child01" type="Area3D" parent="JarlessAct/Islands/Rings" node_paths=PackedStringArray("animator") instance=ExtResource("6_a2050")]
collision_layer = 0
collision_mask = 2
monitorable = false
script = ExtResource("8_2peb2")
animator = NodePath("AnimationPlayer")

[node name="Child02" type="Area3D" parent="JarlessAct/Islands/Rings" node_paths=PackedStringArray("animator") instance=ExtResource("6_a2050")]
transform = Transform3D(1, 0, 0, 0, 1, 0, 0, 0, 1, 0, 0, -5)
collision_layer = 0
collision_mask = 2
monitorable = false
script = ExtResource("8_2peb2")
animator = NodePath("AnimationPlayer")

[node name="Child03" type="Area3D" parent="JarlessAct/Islands/Rings" node_paths=PackedStringArray("animator") instance=ExtResource("6_a2050")]
transform = Transform3D(1, 0, 0, 0, 1, 0, 0, 0, 1, 0, 0, -10)
collision_layer = 0
collision_mask = 2
monitorable = false
script = ExtResource("8_2peb2")
animator = NodePath("AnimationPlayer")

[node name="Child04" type="Area3D" parent="JarlessAct/Islands/Rings" node_paths=PackedStringArray("animator") instance=ExtResource("6_a2050")]
transform = Transform3D(1, 0, 0, 0, 1, 0, 0, 0, 1, 0, 0, -15)
collision_layer = 0
collision_mask = 2
monitorable = false
script = ExtResource("8_2peb2")
animator = NodePath("AnimationPlayer")

[node name="Child05" type="Area3D" parent="JarlessAct/Islands/Rings" node_paths=PackedStringArray("animator") instance=ExtResource("6_a2050")]
transform = Transform3D(1, 0, 0, 0, 1, 0, 0, 0, 1, 0, 0, -20)
collision_layer = 0
collision_mask = 2
monitorable = false
script = ExtResource("8_2peb2")
animator = NodePath("AnimationPlayer")

[node name="RichRing" parent="JarlessAct/Islands/Rings" instance=ExtResource("17_j1qhp")]
transform = Transform3D(1, -1.86265e-08, -1.49012e-07, -3.72529e-09, 1, -2.98023e-08, 2.98023e-08, 0, 1, 3.05176e-05, 0.317743, -28.9781)

[node name="BlueMajin3" parent="JarlessAct/Islands" instance=ExtResource("14_xhs4f")]
transform = Transform3D(-0.5, 0, -0.866025, 0, 1, 0, 0.866025, 0, -0.5, -109.715, 4, 37.0255)
"Rotation Settings/Track Player" = false
"Rotation Settings/Rotation Time" = 0.0
spawnMode = 1

[node name="BlueMajin4" parent="JarlessAct/Islands" instance=ExtResource("14_xhs4f")]
transform = Transform3D(0.173648, 0, -0.984808, 0, 1, 0, 0.984808, 0, 0.173648, -115.266, 5, 42.7106)
"Rotation Settings/Track Player" = false
"Rotation Settings/Rotation Time" = 0.0
spawnMode = 1

[node name="RedMajin" parent="JarlessAct/Islands" instance=ExtResource("11_u0sg1")]
transform = Transform3D(0.258819, 0, 0.965926, 0, 1, 0, -0.965926, 0, 0.258819, -121.127, 7, 51.4852)
"Rotation Settings/Track Player" = false
"Rotation Settings/Rotation Time" = 1.0
"Attack Settings/Flame Inactive Time" = 1.0
"Attack Settings/Flame Aggression Radius" = 20

[node name="BlueMajin5" parent="JarlessAct/Islands" instance=ExtResource("14_xhs4f")]
transform = Transform3D(2.98023e-08, 0, 1, 0, 1, 0, -1, 0, 2.98023e-08, -129.487, 8, 59.1811)

[node name="BlueMajin6" parent="JarlessAct/Islands" instance=ExtResource("14_xhs4f")]
transform = Transform3D(2.98023e-08, 0, 1, 0, 1, 0, -1, 0, 2.98023e-08, -138.487, 11, 60.1811)
rangeOverride = 20

[node name="BridgeOneLeg" parent="JarlessAct/Islands" instance=ExtResource("23_jo1yk")]
transform = Transform3D(-0.000279222, 0, 1, 0, 1, 0, -1, 0, -0.000279222, -165.161, 8.69939, 60.0965)

[node name="BridgeOneLeg2" parent="JarlessAct/Islands" instance=ExtResource("23_jo1yk")]
transform = Transform3D(-0.00678926, 0, -0.999977, 0, 1, 0, 0.999977, 0, -0.00678926, -187.831, 6.99089, 59.8015)

[node name="JumpPanel" parent="JarlessAct/Islands" instance=ExtResource("13_lhs2t")]
transform = Transform3D(1.30801e-07, -0.0871557, -0.996195, 7.6194e-09, 0.996195, -0.0871557, 1, 3.8097e-09, 1.30968e-07, -219.27, -0.311996, 60.1415)
middleHeight = 10.0
finalHeight = 6.5
distance = 30.0

[node name="Path" type="Node3D" parent="JarlessAct/Islands/JumpPanel" node_paths=PackedStringArray("path")]
script = ExtResource("16_d5ycc")
path = NodePath("../../../../Static/Paths/ForestPath")

[node name="BridgeLegless" parent="JarlessAct/Islands" instance=ExtResource("22_4kjoc")]
transform = Transform3D(1, 0, 0, 0, 1, 0, 0, 0, 1, 0, 0, 71.5815)

[node name="BridgeLegless2" parent="JarlessAct/Islands" instance=ExtResource("22_4kjoc")]
transform = Transform3D(1, 0, 0, 0, 1, 0, 0, 0, 1, 0, 0, 75.5697)

[node name="BridgeOneLeg" parent="JarlessAct/Islands/BridgeLegless2" instance=ExtResource("23_jo1yk")]
transform = Transform3D(1, 0, 0, 0, 1, 0, 0, 0, 1, 0, 2, 7.02397)

[node name="Forest" type="Node3D" parent="JarlessAct"]
transform = Transform3D(1, 0, 0, 0, 1, 0, 0, 0, 1, 60.205, -39.438, -180.756)
script = ExtResource("4_j40le")
startEnabled = true
saveVisibilityOnCheckpoint = true

[node name="Rings" type="Node3D" parent="JarlessAct/Forest"]
transform = Transform3D(1, 0, 0, 0, 1, 0, 0, 0, 1, 0, 0, 10.0094)
script = ExtResource("5_hejx8")
Generate = false
Source = ExtResource("6_a2050")
Amount = 10
Shape = 0
Orientation = 0
Spacing = 1.0
"Horizontal Offset" = null
"Vertical Offset" = null

[node name="Child01" parent="JarlessAct/Forest/Rings" instance=ExtResource("6_a2050")]

[node name="Child02" parent="JarlessAct/Forest/Rings" instance=ExtResource("6_a2050")]
transform = Transform3D(1, 0, 0, 0, 1, 0, 0, 0, 1, 0, 0, -1)

[node name="Child03" parent="JarlessAct/Forest/Rings" instance=ExtResource("6_a2050")]
transform = Transform3D(1, 0, 0, 0, 1, 0, 0, 0, 1, 0, 0, -2)

[node name="Child04" parent="JarlessAct/Forest/Rings" instance=ExtResource("6_a2050")]
transform = Transform3D(1, 0, 0, 0, 1, 0, 0, 0, 1, 0, 0, -3)

[node name="Child05" parent="JarlessAct/Forest/Rings" instance=ExtResource("6_a2050")]
transform = Transform3D(1, 0, 0, 0, 1, 0, 0, 0, 1, 0, 0, -4)

[node name="Child06" parent="JarlessAct/Forest/Rings" instance=ExtResource("6_a2050")]
transform = Transform3D(1, 0, 0, 0, 1, 0, 0, 0, 1, 0, 0, -5)

[node name="Child07" parent="JarlessAct/Forest/Rings" instance=ExtResource("6_a2050")]
transform = Transform3D(1, 0, 0, 0, 1, 0, 0, 0, 1, 0, 0, -6)

[node name="Child08" parent="JarlessAct/Forest/Rings" instance=ExtResource("6_a2050")]
transform = Transform3D(1, 0, 0, 0, 1, 0, 0, 0, 1, 0, 0, -7)

[node name="Child09" parent="JarlessAct/Forest/Rings" instance=ExtResource("6_a2050")]
transform = Transform3D(1, 0, 0, 0, 1, 0, 0, 0, 1, 0, 0, -8)

[node name="Child10" parent="JarlessAct/Forest/Rings" instance=ExtResource("6_a2050")]
transform = Transform3D(1, 0, 0, 0, 1, 0, 0, 0, 1, 0, 0, -9)

[node name="Pearls" type="Node3D" parent="JarlessAct/Forest"]
transform = Transform3D(1, 0, 0, 0, 1, 0, 0, 0, 1, -19.8492, 0, 25.9926)
script = ExtResource("5_hejx8")
Generate = false
Source = ExtResource("9_vkfck")
Amount = 20
Shape = 2
Path = NodePath("../../../Static/Paths/ForestPath")
"Path Progress Offset" = 0.0
"Disable Path Y" = false
Spacing = 1.0
"Horizontal Offset" = null
"Vertical Offset" = null

[node name="Child01" parent="JarlessAct/Forest/Pearls" instance=ExtResource("9_vkfck")]
transform = Transform3D(1, 0, 0, 0, 1, 0, 0, 0, 1, -0.000133514, 0, 0)

[node name="Child02" parent="JarlessAct/Forest/Pearls" instance=ExtResource("9_vkfck")]
transform = Transform3D(1, 0, 0, 0, 1, 0, 0, 0, 1, -0.999603, 0, 0.0050354)

[node name="Child03" parent="JarlessAct/Forest/Pearls" instance=ExtResource("9_vkfck")]
transform = Transform3D(1, 0, 0, 0, 1, 0, 0, 0, 1, -1.99282, 0, 0.0127411)

[node name="Child04" parent="JarlessAct/Forest/Pearls" instance=ExtResource("9_vkfck")]
transform = Transform3D(1, 0, 0, 0, 1, 0, 0, 0, 1, -2.99963, 0, 0.0215149)

[node name="Child05" parent="JarlessAct/Forest/Pearls" instance=ExtResource("9_vkfck")]
transform = Transform3D(1, 0, 0, 0, 1, 0, 0, 0, 1, -4.00197, 0, 0.0219879)

[node name="Child06" parent="JarlessAct/Forest/Pearls" instance=ExtResource("9_vkfck")]
transform = Transform3D(1, 0, 0, 0, 1, 0, 0, 0, 1, -5.00582, 0, 0.0052948)

[node name="Child07" parent="JarlessAct/Forest/Pearls" instance=ExtResource("9_vkfck")]
transform = Transform3D(1, 0, 0, 0, 1, 0, 0, 0, 1, -6.01162, 0, -0.0428314)

[node name="Child08" parent="JarlessAct/Forest/Pearls" instance=ExtResource("9_vkfck")]
transform = Transform3D(1, 0, 0, 0, 1, 0, 0, 0, 1, -7.01859, 0, -0.145844)

[node name="Child09" parent="JarlessAct/Forest/Pearls" instance=ExtResource("9_vkfck")]
transform = Transform3D(1, 0, 0, 0, 1, 0, 0, 0, 1, -8.01958, 0, -0.342575)

[node name="Child10" parent="JarlessAct/Forest/Pearls" instance=ExtResource("9_vkfck")]
transform = Transform3D(1, 0, 0, 0, 1, 0, 0, 0, 1, -8.99026, 0, -0.691864)

[node name="Child11" parent="JarlessAct/Forest/Pearls" instance=ExtResource("9_vkfck")]
transform = Transform3D(1, 0, 0, 0, 1, 0, 0, 0, 1, -9.8685, 0, -1.24982)

[node name="Child12" parent="JarlessAct/Forest/Pearls" instance=ExtResource("9_vkfck")]
transform = Transform3D(1, 0, 0, 0, 1, 0, 0, 0, 1, -10.581, 0, -2.00673)

[node name="Child13" parent="JarlessAct/Forest/Pearls" instance=ExtResource("9_vkfck")]
transform = Transform3D(1, 0, 0, 0, 1, 0, 0, 0, 1, -11.1164, 0, -2.88606)

[node name="Child14" parent="JarlessAct/Forest/Pearls" instance=ExtResource("9_vkfck")]
transform = Transform3D(1, 0, 0, 0, 1, 0, 0, 0, 1, -11.5181, 0, -3.82269)

[node name="Child15" parent="JarlessAct/Forest/Pearls" instance=ExtResource("9_vkfck")]
transform = Transform3D(1, 0, 0, 0, 1, 0, 0, 0, 1, -11.8315, 0, -4.78519)

[node name="Child16" parent="JarlessAct/Forest/Pearls" instance=ExtResource("9_vkfck")]
transform = Transform3D(1, 0, 0, 0, 1, 0, 0, 0, 1, -12.0873, 0, -5.76024)

[node name="Child17" parent="JarlessAct/Forest/Pearls" instance=ExtResource("9_vkfck")]
transform = Transform3D(1, 0, 0, 0, 1, 0, 0, 0, 1, -12.3049, 0, -6.74202)

[node name="Child18" parent="JarlessAct/Forest/Pearls" instance=ExtResource("9_vkfck")]
transform = Transform3D(1, 0, 0, 0, 1, 0, 0, 0, 1, -12.4965, 0, -7.72716)

[node name="Child19" parent="JarlessAct/Forest/Pearls" instance=ExtResource("9_vkfck")]
transform = Transform3D(1, 0, 0, 0, 1, 0, 0, 0, 1, -12.6707, 0, -8.71283)

[node name="Child20" parent="JarlessAct/Forest/Pearls" instance=ExtResource("9_vkfck")]
transform = Transform3D(1, 0, 0, 0, 1, 0, 0, 0, 1, -12.8819, 0, -9.67641)

[node name="Pearls2" type="Node3D" parent="JarlessAct/Forest"]
transform = Transform3D(1, 0, 0, 0, 1, 0, 0, 0, 1, -37.3197, 0, 10.7046)
script = ExtResource("5_hejx8")
Generate = false
Source = ExtResource("9_vkfck")
Amount = 18
Shape = 2
Path = NodePath("../../../Static/Paths/ForestPath")
"Path Progress Offset" = 0.0
"Disable Path Y" = false
Spacing = 1.0
"Horizontal Offset" = null
"Vertical Offset" = null

[node name="Child01" parent="JarlessAct/Forest/Pearls2" instance=ExtResource("9_vkfck")]
transform = Transform3D(1, 0, 0, 0, 1, 0, 0, 0, 1, -0.000457764, 0, -0.000137329)

[node name="Child02" parent="JarlessAct/Forest/Pearls2" instance=ExtResource("9_vkfck")]
transform = Transform3D(1, 0, 0, 0, 1, 0, 0, 0, 1, -0.990181, 0, -0.226456)

[node name="Child03" parent="JarlessAct/Forest/Pearls2" instance=ExtResource("9_vkfck")]
transform = Transform3D(1, 0, 0, 0, 1, 0, 0, 0, 1, -1.99747, 0, -0.334671)

[node name="Child04" parent="JarlessAct/Forest/Pearls2" instance=ExtResource("9_vkfck")]
transform = Transform3D(1, 0, 0, 0, 1, 0, 0, 0, 1, -3.00853, 0, -0.341553)

[node name="Child05" parent="JarlessAct/Forest/Pearls2" instance=ExtResource("9_vkfck")]
transform = Transform3D(1, 0, 0, 0, 1, 0, 0, 0, 1, -4.01498, 0, -0.262909)

[node name="Child06" parent="JarlessAct/Forest/Pearls2" instance=ExtResource("9_vkfck")]
transform = Transform3D(1, 0, 0, 0, 1, 0, 0, 0, 1, -5.0113, 0, -0.112839)

[node name="Child07" parent="JarlessAct/Forest/Pearls2" instance=ExtResource("9_vkfck")]
transform = Transform3D(1, 0, 0, 0, 1, 0, 0, 0, 1, -5.99683, 0, 0.0820923)

[node name="Child08" parent="JarlessAct/Forest/Pearls2" instance=ExtResource("9_vkfck")]
transform = Transform3D(1, 0, 0, 0, 1, 0, 0, 0, 1, -6.97445, 0, 0.318085)

[node name="Child09" parent="JarlessAct/Forest/Pearls2" instance=ExtResource("9_vkfck")]
transform = Transform3D(1, 0, 0, 0, 1, 0, 0, 0, 1, -7.93977, 0, 0.605316)

[node name="Child10" parent="JarlessAct/Forest/Pearls2" instance=ExtResource("9_vkfck")]
transform = Transform3D(1, 0, 0, 0, 1, 0, 0, 0, 1, -8.88582, 0, 0.955734)

[node name="Child11" parent="JarlessAct/Forest/Pearls2" instance=ExtResource("9_vkfck")]
transform = Transform3D(1, 0, 0, 0, 1, 0, 0, 0, 1, -9.80209, 0, 1.38289)

[node name="Child12" parent="JarlessAct/Forest/Pearls2" instance=ExtResource("9_vkfck")]
transform = Transform3D(1, 0, 0, 0, 1, 0, 0, 0, 1, -10.6732, 0, 1.90015)

[node name="Child13" parent="JarlessAct/Forest/Pearls2" instance=ExtResource("9_vkfck")]
transform = Transform3D(1, 0, 0, 0, 1, 0, 0, 0, 1, -11.479, 0, 2.5173)

[node name="Child14" parent="JarlessAct/Forest/Pearls2" instance=ExtResource("9_vkfck")]
transform = Transform3D(1, 0, 0, 0, 1, 0, 0, 0, 1, -12.1976, 0, 3.23592)

[node name="Child15" parent="JarlessAct/Forest/Pearls2" instance=ExtResource("9_vkfck")]
transform = Transform3D(1, 0, 0, 0, 1, 0, 0, 0, 1, -12.8106, 0, 4.04648)

[node name="Child16" parent="JarlessAct/Forest/Pearls2" instance=ExtResource("9_vkfck")]
transform = Transform3D(1, 0, 0, 0, 1, 0, 0, 0, 1, -13.31, 0, 4.93047)

[node name="Child17" parent="JarlessAct/Forest/Pearls2" instance=ExtResource("9_vkfck")]
transform = Transform3D(1, 0, 0, 0, 1, 0, 0, 0, 1, -13.6989, 0, 5.86635)

[node name="Child18" parent="JarlessAct/Forest/Pearls2" instance=ExtResource("9_vkfck")]
