[gd_scene load_steps=2 format=3 uid="uid://bfo1oiminimuo"]

[ext_resource type="PackedScene" uid="uid://bl4j5mmnfsqum" path="res://area/stage/1 sand oasis/data/environment/model/SOAct2-01-MainHall.gltf" id="1_2gu8q"]

[node name="SOAct2-01-MainHall" instance=ExtResource("1_2gu8q")]

[node name="stg011_k_Mesh_0000" parent="." index="0"]
cast_shadow = 0

[node name="stg011_o01_Mesh_0001" parent="." index="1"]
cast_shadow = 2
gi_mode = 1

[node name="stg011_o01_Mesh_0002" parent="." index="2"]
cast_shadow = 2
gi_mode = 1

[node name="stg011_o01_Mesh_0003" parent="." index="3"]
cast_shadow = 2
gi_mode = 1

[node name="stg011_o01_Mesh_0004" parent="." index="4"]
cast_shadow = 2
gi_mode = 1

[node name="stg011_o01_Mesh_0005" parent="." index="5"]
cast_shadow = 2
gi_mode = 1

[node name="stg011_o01_Mesh_0007" parent="." index="6"]
cast_shadow = 2
gi_mode = 1

[node name="stg011_o01_Mesh_0009" parent="." index="7"]
cast_shadow = 2
gi_mode = 1

[node name="stg011_o01_Mesh_0010" parent="." index="8"]
cast_shadow = 2
gi_mode = 1

[node name="stg011_o01_Mesh_0011" parent="." index="9"]
cast_shadow = 2
gi_mode = 1

[node name="stg011_o01_Mesh_0012" parent="." index="10"]
cast_shadow = 2
gi_mode = 1

[node name="stg011_o01_Mesh_0013" parent="." index="11"]
cast_shadow = 2
gi_mode = 1

[node name="stg011_o01_Mesh_0014" parent="." index="12"]
cast_shadow = 2
gi_mode = 1

[node name="stg011_o01_Mesh_0015" parent="." index="13"]
cast_shadow = 2
gi_mode = 1

[node name="stg011_o01_Mesh_0016" parent="." index="14"]
cast_shadow = 2
gi_mode = 1

[node name="stg011_o01_Mesh_0019" parent="." index="15"]
cast_shadow = 2
gi_mode = 1

[node name="stg011_o01_Mesh_0030" parent="." index="16"]
cast_shadow = 2
gi_mode = 1

[node name="stg011_o01_Mesh_0047" parent="." index="17"]
cast_shadow = 2
gi_mode = 1

[node name="stg011_o01_Mesh_0048" parent="." index="18"]
cast_shadow = 2
gi_mode = 1

[node name="stg011_o02_Mesh_0000" parent="." index="19"]
cast_shadow = 2
gi_mode = 1

[node name="stg011_o08_Mesh_0010" parent="." index="20"]
cast_shadow = 2
gi_mode = 1

[node name="stg011_p01_Mesh_0000" parent="." index="21"]
cast_shadow = 2
gi_mode = 1

[node name="stg011_p01_Mesh_0001" parent="." index="22"]
cast_shadow = 2
gi_mode = 1

[node name="stg011_p01_Mesh_0003" parent="." index="23"]
cast_shadow = 2
gi_mode = 1

[node name="Lighting" type="Node3D" parent="." index="24"]

[node name="WindowGroup01" type="Node3D" parent="Lighting" index="0"]
transform = Transform3D(0.939693, 0, 0.34202, 0, 1, 0, -0.34202, 0, 0.939693, 0, 0, 0)

[node name="Window01" type="SpotLight3D" parent="Lighting/WindowGroup01" index="0"]
transform = Transform3D(0.902859, -0.0685903, 0.42443, -0.422618, 0.0397853, 0.905434, -0.07899, -0.996851, 0.00693302, 14.226, 16.9252, -2.98485)
light_color = Color(0.807843, 0.603922, 0.431373, 1)
light_energy = 4.0
shadow_enabled = true
shadow_blur = 1.5
spot_range = 30.0
spot_attenuation = 0.0853776
spot_angle = 15.0

[node name="Window02" type="SpotLight3D" parent="Lighting/WindowGroup01" index="1"]
transform = Transform3D(0.902859, -0.0685903, 0.42443, -0.422618, 0.0397853, 0.905434, -0.07899, -0.996851, 0.00693302, 14.6967, 16.9252, 2.3946)
light_color = Color(0.807843, 0.603922, 0.431373, 1)
light_energy = 4.0
shadow_enabled = true
shadow_blur = 1.5
spot_range = 30.0
spot_attenuation = 0.0853776
spot_angle = 15.0

[node name="Window03" type="SpotLight3D" parent="Lighting/WindowGroup01" index="2"]
transform = Transform3D(-0.902859, 0.0685905, -0.42443, -0.422618, 0.039785, 0.905434, 0.0789901, 0.996851, -0.00693268, -14.226, 16.9252, 2.98485)
light_color = Color(0.807843, 0.603922, 0.431373, 1)
light_energy = 4.0
shadow_enabled = true
shadow_blur = 1.5
spot_range = 30.0
spot_attenuation = 0.0853776
spot_angle = 15.0

[node name="Window04" type="SpotLight3D" parent="Lighting/WindowGroup01" index="3"]
transform = Transform3D(-0.902859, 0.0685905, -0.42443, -0.422618, 0.039785, 0.905434, 0.0789901, 0.996851, -0.00693268, -14.6967, 16.9252, -2.3946)
light_color = Color(0.807843, 0.603922, 0.431373, 1)
light_energy = 4.0
shadow_enabled = true
shadow_blur = 1.5
spot_range = 30.0
spot_attenuation = 0.0853776
spot_angle = 15.0

[node name="WindowGroup02" type="Node3D" parent="Lighting" index="1"]
transform = Transform3D(0.939693, 0, 0.34202, 0, 1, 0, -0.34202, 0, 0.939693, -7.86646, 0, -21.6129)

[node name="Window01" type="SpotLight3D" parent="Lighting/WindowGroup02" index="0"]
transform = Transform3D(0.902859, -0.0685903, 0.42443, -0.422618, 0.0397853, 0.905434, -0.07899, -0.996851, 0.00693302, 14.226, 16.9252, -2.98485)
light_color = Color(0.807843, 0.603922, 0.431373, 1)
light_energy = 4.0
shadow_enabled = true
shadow_blur = 1.5
spot_range = 30.0
spot_attenuation = 0.0853776
spot_angle = 15.0

[node name="Window02" type="SpotLight3D" parent="Lighting/WindowGroup02" index="1"]
transform = Transform3D(0.902859, -0.0685903, 0.42443, -0.422618, 0.0397853, 0.905434, -0.07899, -0.996851, 0.00693302, 14.6967, 16.9252, 2.3946)
light_color = Color(0.807843, 0.603922, 0.431373, 1)
light_energy = 4.0
shadow_enabled = true
shadow_blur = 1.5
spot_range = 30.0
spot_attenuation = 0.0853776
spot_angle = 15.0

[node name="Window03" type="SpotLight3D" parent="Lighting/WindowGroup02" index="2"]
transform = Transform3D(-0.902859, 0.0685905, -0.42443, -0.422618, 0.039785, 0.905434, 0.0789901, 0.996851, -0.00693268, -14.226, 16.9252, 2.98485)
light_color = Color(0.807843, 0.603922, 0.431373, 1)
light_energy = 4.0
shadow_enabled = true
shadow_blur = 1.5
spot_range = 30.0
spot_attenuation = 0.0853776
spot_angle = 15.0

[node name="Window04" type="SpotLight3D" parent="Lighting/WindowGroup02" index="3"]
transform = Transform3D(-0.902859, 0.0685905, -0.42443, -0.422618, 0.039785, 0.905434, 0.0789901, 0.996851, -0.00693268, -14.6967, 16.9252, -2.3946)
light_color = Color(0.807843, 0.603922, 0.431373, 1)
light_energy = 4.0
shadow_enabled = true
shadow_blur = 1.5
spot_range = 30.0
spot_attenuation = 0.0853776
spot_angle = 15.0

[node name="WindowGroup03" type="Node3D" parent="Lighting" index="2"]
transform = Transform3D(0.943784, 0, 0.330564, 0, 1, 0, -0.330564, 0, 0.943784, 7.86646, 0, 21.6129)

[node name="Window01" type="SpotLight3D" parent="Lighting/WindowGroup03" index="0"]
transform = Transform3D(0.902859, -0.0685903, 0.42443, -0.422618, 0.0397853, 0.905434, -0.07899, -0.996851, 0.00693302, 14.226, 16.9252, -2.98485)
light_color = Color(0.807843, 0.603922, 0.431373, 1)
light_energy = 4.0
shadow_enabled = true
shadow_blur = 1.5
spot_range = 30.0
spot_attenuation = 0.0853776
spot_angle = 15.0

[node name="Window02" type="SpotLight3D" parent="Lighting/WindowGroup03" index="1"]
transform = Transform3D(0.902859, -0.0685903, 0.42443, -0.422618, 0.0397853, 0.905434, -0.07899, -0.996851, 0.00693302, 14.6967, 16.9252, 2.3946)
light_color = Color(0.807843, 0.603922, 0.431373, 1)
light_energy = 4.0
shadow_enabled = true
shadow_blur = 1.5
spot_range = 30.0
spot_attenuation = 0.0853776
spot_angle = 15.0

[node name="LanternGroup" type="Node3D" parent="Lighting" index="3"]
transform = Transform3D(0.939693, 0, 0.34202, 0, 1, 0, -0.34202, 0, 0.939693, -20.8819, 0, -54.3974)

[node name="OmniLight3d" type="OmniLight3D" parent="Lighting/LanternGroup" index="0"]
transform = Transform3D(1, 0, 0, 0, 1, 0, 0, 0, 1, -5.74218, 3.50419, 6.90002)
light_color = Color(0.741176, 0.403922, 0.2, 1)
shadow_enabled = true
omni_range = 10.0

[node name="OmniLight3d2" type="OmniLight3D" parent="Lighting/LanternGroup" index="1"]
transform = Transform3D(1, 0, 0, 0, 1, 0, 0, 0, 1, 5.95781, 3.50419, 6.90002)
light_color = Color(0.741176, 0.403922, 0.2, 1)
shadow_enabled = true
omni_range = 10.0

[node name="OmniLight3d3" type="OmniLight3D" parent="Lighting/LanternGroup" index="2"]
transform = Transform3D(1, 0, 0, 0, 1, 0, 0, 0, 1, -5.89364, 0.0235144, -6.49998)
light_color = Color(0.741176, 0.403922, 0.2, 1)
shadow_enabled = true
omni_range = 10.0

[node name="OmniLight3d4" type="OmniLight3D" parent="Lighting/LanternGroup" index="3"]
transform = Transform3D(1, 0, 0, 0, 1, 0, 0, 0, 1, 5.80636, 0.0235144, -6.49998)
light_color = Color(0.741176, 0.403922, 0.2, 1)
shadow_enabled = true
omni_range = 10.0
