[gd_scene load_steps=75 format=3 uid="uid://gnw1drjjo5gi"]

[ext_resource type="PackedScene" uid="uid://dj1cswbo7iqnb" path="res://area/2 dino jungle/object/platform/LotusPlatform.tscn" id="1_d384b"]
[ext_resource type="Script" path="res://object/stage/StageSettings.cs" id="1_tbi4j"]
[ext_resource type="Resource" uid="uid://cpiy3rkkfgsxn" path="res://area/2 dino jungle/act 2/camera/StartCam.tres" id="2_14mqj"]
[ext_resource type="PackedScene" uid="uid://bjkwrplubhwil" path="res://area/2 dino jungle/object/platform/CactusPlatform.tscn" id="2_y75g5"]
[ext_resource type="PackedScene" uid="uid://cbs8o4mdf1wbo" path="res://area/2 dino jungle/object/platform/GrassPillar.tscn" id="3_f3x6u"]
[ext_resource type="Script" path="res://object/trigger/modules/EventTrigger.cs" id="4_7yy7k"]
[ext_resource type="PackedScene" uid="uid://7nr1lmccsbg6" path="res://area/2 dino jungle/object/dino/DinoApatos.tscn" id="5_tccji"]
[ext_resource type="PackedScene" uid="uid://87lgwwefd4g4" path="res://object/stage/common/JumpPanel.tscn" id="6_wsjb6"]
[ext_resource type="PackedScene" uid="uid://b8m1x0tudbcbd" path="res://object/stage/common/Spring.tscn" id="7_t54v7"]
[ext_resource type="Script" path="res://object/trigger/modules/CameraTrigger.cs" id="8_srgif"]
[ext_resource type="PackedScene" uid="uid://cuplakh6fkalc" path="res://area/2 dino jungle/object/Boat.tscn" id="10_0g3b7"]
[ext_resource type="PackedScene" uid="uid://bn6wr6l8s3qyt" path="res://object/trigger/StageTrigger.tscn" id="11_3ntm7"]
[ext_resource type="AnimationLibrary" uid="uid://dkn0qsuhlfgge" path="res://area/2 dino jungle/object/model/animation/apato/DinoApato2AnimationLibrary.gltf" id="11_7735k"]
[ext_resource type="Script" path="res://object/trigger/modules/JumpTrigger.cs" id="12_t28j3"]
[ext_resource type="PackedScene" uid="uid://153wwjnd7nv6" path="res://object/stage/common/FlyingPot.tscn" id="13_0pim3"]
[ext_resource type="Script" path="res://object/trigger/modules/PathTrigger.cs" id="14_nk68g"]
[ext_resource type="PackedScene" uid="uid://c85xw5ix60fe8" path="res://object/stage/common/Switch.tscn" id="16_i7wrh"]
[ext_resource type="AudioStream" uid="uid://vp7cbqph4dww" path="res://sound/sfx/stage/dinosaur jungle/dino apatos grunt.wav" id="18_ly4rc"]
[ext_resource type="Script" path="res://object/trigger/modules/LockoutTrigger.cs" id="23_jjjno"]
[ext_resource type="Resource" uid="uid://38s0wkpi5mlf" path="res://resource/preset/lockout/run/RecenterLockout.tres" id="24_6k6u3"]
[ext_resource type="Resource" uid="uid://dq7clgkuse3y6" path="res://area/2 dino jungle/act 2/camera/CactusPlatformSpringCam.tres" id="24_47x74"]
[ext_resource type="Resource" uid="uid://crmy036473k1d" path="res://area/2 dino jungle/act 2/camera/WaterfallIslandCam.tres" id="25_kgfpl"]
[ext_resource type="Curve3D" uid="uid://dydsi2rs3b3b5" path="res://area/2 dino jungle/act 2/environment/path/LeftPath.tres" id="26_7ndlt"]
[ext_resource type="Resource" uid="uid://c1g3nkgdgaxx5" path="res://area/2 dino jungle/act 2/camera/BoatCam.tres" id="27_rj7ls"]
[ext_resource type="Curve3D" uid="uid://co10msuyrvnjx" path="res://area/2 dino jungle/act 2/environment/path/Boat1Path.tres" id="28_2tep1"]
[ext_resource type="Curve3D" uid="uid://bg2q177r6xuk2" path="res://area/2 dino jungle/act 2/environment/path/WaterfallIslandPath.tres" id="28_ffyye"]
[ext_resource type="Script" path="res://object/trigger/modules/DeathTrigger.cs" id="28_kp8ug"]
[ext_resource type="Curve3D" uid="uid://6pncj40ntr3" path="res://area/2 dino jungle/act 2/environment/path/FlyingPotIslandPath.tres" id="29_6kh3l"]
[ext_resource type="Resource" uid="uid://drdka3lr4y2uj" path="res://area/2 dino jungle/act 2/camera/SpringPathJumpPanelCam.tres" id="29_aj4vj"]
[ext_resource type="Resource" uid="uid://ds714gqim7fr5" path="res://area/2 dino jungle/act 2/camera/WaterfallBoatJumpCam.tres" id="29_ce0eu"]
[ext_resource type="PackedScene" uid="uid://crkwyskdhsk6u" path="res://area/2 dino jungle/act 2/environment/collision/Collision.tscn" id="29_eiiea"]
[ext_resource type="Curve3D" uid="uid://d0chnrowxrdqr" path="res://area/2 dino jungle/act 2/environment/path/Boat2Path.tres" id="29_op4b4"]
[ext_resource type="Resource" uid="uid://bat86suuih6lu" path="res://area/2 dino jungle/act 2/camera/LotusCam.tres" id="29_sevtl"]
[ext_resource type="Curve3D" uid="uid://w8h5534v6fiq" path="res://area/2 dino jungle/act 2/environment/path/LongIslandPath.tres" id="30_1ygta"]
[ext_resource type="Curve3D" uid="uid://bja4oq6bs1v0d" path="res://area/2 dino jungle/act 2/environment/path/Boat3Path.tres" id="30_gs7yc"]
[ext_resource type="Resource" uid="uid://dndax2nia3heh" path="res://area/2 dino jungle/act 2/camera/LongIslandCam.tres" id="30_iftkg"]
[ext_resource type="Resource" uid="uid://dg12ph41x1pvn" path="res://area/2 dino jungle/act 2/camera/SpringPathEndCam.tres" id="30_pxcko"]
[ext_resource type="PackedScene" uid="uid://dhudcebp1ql1o" path="res://area/2 dino jungle/act 2/environment/DJAct2.tscn" id="30_ymmwk"]
[ext_resource type="Curve3D" uid="uid://fxnof15fo2q" path="res://area/2 dino jungle/act 2/environment/path/Boat4Path.tres" id="31_hajvb"]
[ext_resource type="Resource" uid="uid://beueclos3dx1p" path="res://area/2 dino jungle/act 2/camera/WaterfallCam.tres" id="31_lavsx"]
[ext_resource type="Resource" uid="uid://carvqls26t7hq" path="res://area/2 dino jungle/act 2/camera/FlyingPotCam.tres" id="31_p7kho"]
[ext_resource type="PackedScene" uid="uid://cv8wawfkxffx" path="res://area/2 dino jungle/data/skybox/Skybox.tscn" id="31_rnkde"]
[ext_resource type="Resource" uid="uid://bku7n4ufln8ro" path="res://resource/preset/camera/common/StaticCam.tres" id="31_teiyu"]
[ext_resource type="PackedScene" uid="uid://0o1ds8o5k04j" path="res://effect/buffer/PlanarReflectionRenderer.tscn" id="32_2v3ne"]
[ext_resource type="Resource" uid="uid://dlmccxtimldsr" path="res://area/2 dino jungle/act 2/camera/SplitCam.tres" id="32_4o55q"]
[ext_resource type="Resource" uid="uid://3mvk4ahx4aij" path="res://area/2 dino jungle/act 2/camera/DinoJumpCam.tres" id="32_aksoo"]
[ext_resource type="Resource" uid="uid://dukss772hoajg" path="res://area/2 dino jungle/act 2/camera/FlyingPotIslandCam.tres" id="32_b8j2q"]
[ext_resource type="Resource" uid="uid://j737jpqux4ac" path="res://area/2 dino jungle/act 2/camera/BackWallCam.tres" id="33_i5j68"]
[ext_resource type="Material" uid="uid://d0klutkn8da67" path="res://area/2 dino jungle/data/material/Water.tres" id="33_kheyr"]
[ext_resource type="Curve3D" uid="uid://mig8mj50lbiu" path="res://area/2 dino jungle/act 2/environment/path/RightPath.tres" id="33_quywa"]
[ext_resource type="Curve3D" uid="uid://cruwkemxl5fc3" path="res://area/2 dino jungle/act 2/environment/path/SpringIslandPath.tres" id="34_2rl0i"]
[ext_resource type="Resource" uid="uid://cwlm80ug7yxdp" path="res://area/2 dino jungle/act 2/camera/CavernCam.tres" id="34_m5bm2"]
[ext_resource type="PackedScene" uid="uid://bqikfuweybrc6" path="res://area/2 dino jungle/data/BGM.tscn" id="35_dxojr"]
[ext_resource type="Environment" uid="uid://dfwf2f7c3ljwg" path="res://area/2 dino jungle/data/Environment.tres" id="36_vlkax"]
[ext_resource type="Resource" uid="uid://ji20l0l30t4i" path="res://area/2 dino jungle/act 2/camera/DinoCam.tres" id="40_87ag4"]
[ext_resource type="Script" path="res://object/trigger/modules/CheckpointTrigger.cs" id="41_4yhlb"]

[sub_resource type="BoxShape3D" id="19"]
size = Vector3(500, 20, 500)

[sub_resource type="BoxShape3D" id="23"]
size = Vector3(22.7426, 34.1944, 2.5)

[sub_resource type="BoxShape3D" id="BoxShape3D_68mnv"]
size = Vector3(36.1627, 8.67139, 2.729)

[sub_resource type="BoxShape3D" id="BoxShape3D_sfidh"]
size = Vector3(35.9123, 12.0185, 1)

[sub_resource type="BoxShape3D" id="92"]
size = Vector3(5, 3, 2.5)

[sub_resource type="BoxShape3D" id="BoxShape3D_ow8ka"]
size = Vector3(1, 5.03516, 16.2185)

[sub_resource type="BoxShape3D" id="60"]
size = Vector3(25, 50, 87.6)

[sub_resource type="BoxShape3D" id="BoxShape3D_5iv1p"]
size = Vector3(4, 10, 2)

[sub_resource type="BoxShape3D" id="BoxShape3D_xja00"]
size = Vector3(20, 60, 2.5)

[sub_resource type="BoxShape3D" id="BoxShape3D_e4ge3"]
size = Vector3(10, 60, 7)

[sub_resource type="BoxShape3D" id="BoxShape3D_vhy78"]
size = Vector3(30, 20, 50)

[sub_resource type="BoxShape3D" id="BoxShape3D_v1y3m"]
size = Vector3(8, 20, 2.5)

[sub_resource type="BoxShape3D" id="BoxShape3D_nbyah"]
size = Vector3(5, 20, 2.5)

[sub_resource type="Animation" id="94"]
length = 0.001
tracks/0/type = "value"
tracks/0/imported = false
tracks/0/enabled = true
tracks/0/path = NodePath(".:position")
tracks/0/interp = 1
tracks/0/loop_wrap = false
tracks/0/keys = {
"times": PackedFloat32Array(0),
"transitions": PackedFloat32Array(1),
"update": 0,
"values": [Vector3(119.668, 35.9585, -70.5782)]
}
tracks/1/type = "value"
tracks/1/imported = false
tracks/1/enabled = true
tracks/1/path = NodePath(".:rotation")
tracks/1/interp = 1
tracks/1/loop_wrap = false
tracks/1/keys = {
"times": PackedFloat32Array(0),
"transitions": PackedFloat32Array(1),
"update": 0,
"values": [Vector3(0, 2.41728, 0)]
}
tracks/2/type = "value"
tracks/2/imported = false
tracks/2/enabled = true
tracks/2/path = NodePath("Camera:rotation")
tracks/2/interp = 1
tracks/2/loop_wrap = false
tracks/2/keys = {
"times": PackedFloat32Array(0),
"transitions": PackedFloat32Array(1),
"update": 0,
"values": [Vector3(-0.20944, 0, 0)]
}
tracks/3/type = "value"
tracks/3/imported = false
tracks/3/enabled = true
tracks/3/path = NodePath("Camera:fov")
tracks/3/interp = 1
tracks/3/loop_wrap = false
tracks/3/keys = {
"times": PackedFloat32Array(0),
"transitions": PackedFloat32Array(1),
"update": 0,
"values": [30.0]
}
tracks/4/type = "value"
tracks/4/imported = false
tracks/4/enabled = true
tracks/4/path = NodePath("Camera:current")
tracks/4/interp = 1
tracks/4/loop_wrap = true
tracks/4/keys = {
"times": PackedFloat32Array(0),
"transitions": PackedFloat32Array(1),
"update": 1,
"values": [false]
}

[sub_resource type="Animation" id="93"]
resource_name = "demo1"
length = 8.0
tracks/0/type = "value"
tracks/0/imported = false
tracks/0/enabled = true
tracks/0/path = NodePath(".:position")
tracks/0/interp = 1
tracks/0/loop_wrap = false
tracks/0/keys = {
"times": PackedFloat32Array(0, 1, 4, 6.5, 8),
"transitions": PackedFloat32Array(0.5, 3, 0.6, 1.51572, 1),
"update": 0,
"values": [Vector3(119.668, 35.9585, -70.5782), Vector3(120.216, 35.9585, -70.11), Vector3(108.916, 35.9585, -80.1044), Vector3(89.2943, 35.9585, -94.2872), Vector3(81.7299, 35.9585, -98.1778)]
}
tracks/1/type = "value"
tracks/1/imported = false
tracks/1/enabled = true
tracks/1/path = NodePath(".:rotation")
tracks/1/interp = 1
tracks/1/loop_wrap = false
tracks/1/keys = {
"times": PackedFloat32Array(0, 1, 2, 6.2, 7, 7.6, 8),
"transitions": PackedFloat32Array(1.30583, 0.8, 1.4, 0.5, 1.5, 0.8, 1),
"update": 0,
"values": [Vector3(0, 2.41728, 0), Vector3(0, 2.43473, 0), Vector3(0, 2.44346, 0), Vector3(0, 2.10138, 0), Vector3(0, 2.05949, 0), Vector3(0, 2.07694, 0), Vector3(0, 2.0944, 0)]
}
tracks/2/type = "value"
tracks/2/imported = false
tracks/2/enabled = true
tracks/2/path = NodePath("Camera:rotation")
tracks/2/interp = 1
tracks/2/loop_wrap = false
tracks/2/keys = {
"times": PackedFloat32Array(0),
"transitions": PackedFloat32Array(1),
"update": 0,
"values": [Vector3(-0.20944, 0, 0)]
}
tracks/3/type = "value"
tracks/3/imported = false
tracks/3/enabled = true
tracks/3/path = NodePath("Camera:fov")
tracks/3/interp = 1
tracks/3/loop_wrap = true
tracks/3/keys = {
"times": PackedFloat32Array(0),
"transitions": PackedFloat32Array(1),
"update": 0,
"values": [30.0]
}
tracks/4/type = "value"
tracks/4/imported = false
tracks/4/enabled = true
tracks/4/path = NodePath("Camera:current")
tracks/4/interp = 1
tracks/4/loop_wrap = true
tracks/4/keys = {
"times": PackedFloat32Array(0),
"transitions": PackedFloat32Array(1),
"update": 1,
"values": [true]
}

[sub_resource type="Animation" id="95"]
resource_name = "demo2"
length = 8.0
step = 0.5
tracks/0/type = "value"
tracks/0/imported = false
tracks/0/enabled = true
tracks/0/path = NodePath(".:position")
tracks/0/interp = 1
tracks/0/loop_wrap = false
tracks/0/keys = {
"times": PackedFloat32Array(0, 3, 4.5, 6, 7, 8),
"transitions": PackedFloat32Array(1, 1, 1, 1, 1, 1),
"update": 0,
"values": [Vector3(-33.276, 30, -12.998), Vector3(-18.1307, 30, 25.1368), Vector3(-13.3661, 30, 45.5009), Vector3(-13.6534, 30, 66.8438), Vector3(-16.4814, 30, 81.7072), Vector3(-24.27, 30, 96.3076)]
}
tracks/1/type = "value"
tracks/1/imported = false
tracks/1/enabled = true
tracks/1/path = NodePath(".:rotation")
tracks/1/interp = 1
tracks/1/loop_wrap = false
tracks/1/keys = {
"times": PackedFloat32Array(0, 8),
"transitions": PackedFloat32Array(2.5, 1),
"update": 0,
"values": [Vector3(0, -2.72271, 0), Vector3(0, -3.38245, 0)]
}
tracks/2/type = "value"
tracks/2/imported = false
tracks/2/enabled = true
tracks/2/path = NodePath("Camera:rotation")
tracks/2/interp = 1
tracks/2/loop_wrap = false
tracks/2/keys = {
"times": PackedFloat32Array(0),
"transitions": PackedFloat32Array(1),
"update": 0,
"values": [Vector3(0, 0, 0)]
}
tracks/3/type = "value"
tracks/3/imported = false
tracks/3/enabled = true
tracks/3/path = NodePath("Camera:fov")
tracks/3/interp = 1
tracks/3/loop_wrap = false
tracks/3/keys = {
"times": PackedFloat32Array(0),
"transitions": PackedFloat32Array(1),
"update": 0,
"values": [70.0]
}

[sub_resource type="Animation" id="96"]
resource_name = "demo3"
length = 8.0
tracks/0/type = "value"
tracks/0/imported = false
tracks/0/enabled = true
tracks/0/path = NodePath(".:position")
tracks/0/interp = 1
tracks/0/loop_wrap = false
tracks/0/keys = {
"times": PackedFloat32Array(0, 4, 6, 7, 8),
"transitions": PackedFloat32Array(1, 1, 1, 1, 1),
"update": 0,
"values": [Vector3(-136.13, 15, 82.377), Vector3(-134.455, 15, 53.054), Vector3(-130.82, 15, 38.7321), Vector3(-127.961, 15, 31.8894), Vector3(-123.941, 15, 25.057)]
}
tracks/1/type = "value"
tracks/1/imported = false
tracks/1/enabled = true
tracks/1/path = NodePath(".:rotation")
tracks/1/interp = 1
tracks/1/loop_wrap = false
tracks/1/keys = {
"times": PackedFloat32Array(0, 8),
"transitions": PackedFloat32Array(1.5, 1),
"update": 0,
"values": [Vector3(0, 0, 0), Vector3(0, -0.523599, 0)]
}
tracks/2/type = "value"
tracks/2/imported = false
tracks/2/enabled = true
tracks/2/path = NodePath("Camera:rotation")
tracks/2/interp = 1
tracks/2/loop_wrap = false
tracks/2/keys = {
"times": PackedFloat32Array(0, 8),
"transitions": PackedFloat32Array(1.5, 1),
"update": 0,
"values": [Vector3(-0.174533, 0, 0), Vector3(-0.0872665, 0, 0)]
}
tracks/3/type = "value"
tracks/3/imported = false
tracks/3/enabled = true
tracks/3/path = NodePath("Camera:fov")
tracks/3/interp = 1
tracks/3/loop_wrap = false
tracks/3/keys = {
"times": PackedFloat32Array(0),
"transitions": PackedFloat32Array(1),
"update": 0,
"values": [70.0]
}

[sub_resource type="AnimationLibrary" id="AnimationLibrary_sluqh"]
_data = {
"RESET": SubResource("94"),
"demo1": SubResource("93"),
"demo2": SubResource("95"),
"demo3": SubResource("96")
}

[node name="Static" type="Node3D" node_paths=PackedStringArray("pathParent", "completionAnimator", "Environment")]
script = ExtResource("1_tbi4j")
InitialCameraSettings = ExtResource("2_14mqj")
pathParent = NodePath("Path")
completionAnimator = NodePath("DemoCamera/AnimationPlayer")
Environment = NodePath("WorldEnvironment")

[node name="Collision" parent="." instance=ExtResource("29_eiiea")]
visible = false

[node name="Visuals" type="Node3D" parent="."]

[node name="Sun" type="DirectionalLight3D" parent="Visuals"]
transform = Transform3D(0.794621, 0.189658, 0.576721, -0.604321, 0.156225, 0.781274, 0.0580771, -0.969342, 0.238754, 0, 0, 0)
light_energy = 0.8
light_cull_mask = 4293918723
shadow_enabled = true
directional_shadow_pancake_size = 0.0

[node name="DJAct2" parent="Visuals" instance=ExtResource("30_ymmwk")]

[node name="Skybox" parent="Visuals" instance=ExtResource("31_rnkde")]

[node name="PlanarReflectionRenderer" parent="Visuals" instance=ExtResource("32_2v3ne")]
reflectionMaterials = [ExtResource("33_kheyr")]

[node name="Common" type="Node3D" parent="."]

[node name="Object" type="Node3D" parent="Common"]

[node name="WaterTrigger" parent="Common/Object" instance=ExtResource("11_3ntm7")]
transform = Transform3D(1, 0, 0, 0, 1, 0, 0, 0, 1, -80, -16, 50)
"Enter Mode" = 0

[node name="DeathTrigger" type="Node3D" parent="Common/Object/WaterTrigger"]
script = ExtResource("28_kp8ug")
triggerType = 1

[node name="CollisionShape3D" type="CollisionShape3D" parent="Common/Object/WaterTrigger"]
shape = SubResource("19")

[node name="JumpPanelL" parent="Common/Object" instance=ExtResource("6_wsjb6")]
transform = Transform3D(0.955278, 0, 0.295708, 0, 1, 0, -0.295708, 0, 0.955278, 12.793, -1.8, 34.97)
middleHeight = 10.0
finalHeight = 8.0
distance = 12.0

[node name="JumpPanelR" parent="Common/Object" instance=ExtResource("6_wsjb6")]
transform = Transform3D(0.955278, 0, 0.295708, 0, 1, 0, -0.295708, 0, 0.955278, 8.87601, -1.8, 36.18)
middleHeight = 10.0
finalHeight = 8.0
distance = 12.0

[node name="Spring" parent="Common/Object" instance=ExtResource("7_t54v7")]
transform = Transform3D(0.778364, -0.138854, -0.612266, 0, 0.975235, -0.221171, 0.627813, 0.172152, 0.759089, 20.9136, 5.87888, 110.299)
middleHeight = 15.0
finalHeight = 12.0
distance = 7.0
voiceKey = &""

[node name="Path" type="Node3D" parent="Common/Object/Spring" node_paths=PackedStringArray("path")]
script = ExtResource("14_nk68g")
path = NodePath("../../../../Path/WaterfallIslandPath")

[node name="Camera" type="Node3D" parent="Common/Object/Spring"]
script = ExtResource("8_srgif")
transitionTime = 0.5
settings = ExtResource("24_47x74")
previousSettings = ExtResource("25_kgfpl")

[node name="BoatSection1" type="Node3D" parent="Common/Object"]
transform = Transform3D(0.999999, 0, 0, 0, 1, 0, 0, 0, 0.999999, -40.58, -6, 147.5)

[node name="Boat" parent="Common/Object/BoatSection1" node_paths=PackedStringArray("path") instance=ExtResource("10_0g3b7")]
transform = Transform3D(0.0871557, 0, -0.996194, 0, 1, 0, 0.996194, 0, 0.0871557, -0.00382233, 0, -0.0436096)
maxSpeed = 15.0
path = NodePath("../../../../Path/Boat1Path")

[node name="Path" type="Node3D" parent="Common/Object/BoatSection1/Boat" node_paths=PackedStringArray("path")]
transform = Transform3D(1, 0, 0, 0, 1, 0, 0, 0, 1, 0, 0, 7.62939e-06)
script = ExtResource("14_nk68g")
path = NodePath("../../../../../Path/Boat1Path")

[node name="Camera" type="Node3D" parent="Common/Object/BoatSection1/Boat"]
script = ExtResource("8_srgif")
transitionTime = 0.5
settings = ExtResource("27_rj7ls")

[node name="Start" parent="Common/Object/BoatSection1" instance=ExtResource("11_3ntm7")]
transform = Transform3D(-0.055353, 0, -0.998467, 0, 1, 0, 0.998467, 0, -0.055353, 6.88427, 16.68, -0.108292)

[node name="Camera" type="Node3D" parent="Common/Object/BoatSection1/Start"]
script = ExtResource("8_srgif")
transitionTime = 2.0
settings = ExtResource("29_ce0eu")

[node name="JumpTrigger" type="Node3D" parent="Common/Object/BoatSection1/Start"]
transform = Transform3D(0.99396, 0, 0.109752, 0, 1, 0, -0.109752, 0, 0.99396, 0.307922, -16.4123, 5.59959)
script = ExtResource("12_t28j3")
jumpHeight = 20.0
autoAlign = true
forceConsistentHeight = true

[node name="CollisionShape3D" type="CollisionShape3D" parent="Common/Object/BoatSection1/Start"]
transform = Transform3D(1, 0, 0, 0, 1, 0, 0, 0, 1, 0, 1.39798, 0)
shape = SubResource("23")

[node name="End" parent="Common/Object/BoatSection1" instance=ExtResource("11_3ntm7")]
transform = Transform3D(0.943455, 0, -0.331503, 0, 1, 0, 0.331503, 0, 0.943455, -18.0939, 0.0300002, 63.2228)

[node name="JumpTrigger" type="Node3D" parent="Common/Object/BoatSection1/End"]
transform = Transform3D(1, 0, 0, 0, 1, 0, 0, 0, 1, 0.105629, 3.77027, 3.76637)
script = ExtResource("12_t28j3")
jumpHeight = 2.0
autoAlign = true
forceConsistentHeight = true

[node name="Camera" type="Node3D" parent="Common/Object/BoatSection1/End/JumpTrigger"]
script = ExtResource("8_srgif")
transitionTime = 0.5
settings = ExtResource("31_p7kho")

[node name="Path" type="Node3D" parent="Common/Object/BoatSection1/End/JumpTrigger" node_paths=PackedStringArray("path")]
script = ExtResource("14_nk68g")
path = NodePath("../../../../../../Path/FlyingPotIslandPath")

[node name="CollisionShape3D" type="CollisionShape3D" parent="Common/Object/BoatSection1/End"]
transform = Transform3D(1, 0, -1.19209e-07, 0, 1, 0, 1.19209e-07, 0, 1, 0.580719, 7.66113, 0)
shape = SubResource("23")

[node name="FlyingPot" parent="Common/Object/BoatSection1" instance=ExtResource("13_0pim3")]
transform = Transform3D(-0.730568, 0, 0.68284, 0, 1, 0, -0.68284, 0, -0.730568, -19.2578, 3.13, 66.804)
travelBounds = Vector2(2.5, 30)
customCameraSettings = ExtResource("31_p7kho")

[node name="FlyingPotIslandJump" parent="Common/Object" instance=ExtResource("11_3ntm7")]
transform = Transform3D(-0.508156, 0, -0.861264, 0, 1, 0, 0.861264, 0, -0.508156, -84.5321, 16.68, 220.336)

[node name="JumpTrigger" type="Node3D" parent="Common/Object/FlyingPotIslandJump"]
transform = Transform3D(0.915671, 0, -0.401932, 0, 1, 0, 0.401932, 0, 0.915671, -1.54893, -18.3123, 5.02325)
script = ExtResource("12_t28j3")
jumpHeight = 20.0
autoAlign = true
forceConsistentHeight = true

[node name="CollisionShape3D" type="CollisionShape3D" parent="Common/Object/FlyingPotIslandJump"]
transform = Transform3D(1, 0, 0, 0, 1, 0, 0, 0, 1, 0, 8, 0)
shape = SubResource("23")

[node name="DoubleBoatSection" type="Node3D" parent="Common/Object"]
transform = Transform3D(-0.939692, 0, 0.34202, 0, 1, 0, -0.34202, 0, -0.939692, -88.22, -6, 187.09)

[node name="Start2" parent="Common/Object/DoubleBoatSection" instance=ExtResource("11_3ntm7")]
transform = Transform3D(0.983079, 0, 0.183184, 0, 1, 0, -0.183184, 0, 0.983079, -0.933994, 4.34, -10.9042)

[node name="JumpTrigger" type="Node3D" parent="Common/Object/DoubleBoatSection/Start2"]
transform = Transform3D(0.984808, 0, -0.173648, 0, 1, 0, 0.173648, 0, 0.984808, -1.15895, -4.07984, 9.60896)
script = ExtResource("12_t28j3")
jumpHeight = 1.0

[node name="CollisionShape3D" type="CollisionShape3D" parent="Common/Object/DoubleBoatSection/Start2"]
transform = Transform3D(1, 0, 0, 0, 1, 0, 0, 0, 1, 0, 8, 0)
shape = SubResource("23")

[node name="Boat2" parent="Common/Object/DoubleBoatSection" node_paths=PackedStringArray("path") instance=ExtResource("10_0g3b7")]
transform = Transform3D(1, 0, 2.98023e-08, 0, 1, 0, -2.98023e-08, 0, 1, -0.299999, 0, 0)
maxSpeed = 15.0
path = NodePath("../../../../Path/Boat2Path")

[node name="Path" type="Node3D" parent="Common/Object/DoubleBoatSection/Boat2" node_paths=PackedStringArray("path")]
transform = Transform3D(1, 0, 2.98023e-08, 0, 1, 0, -2.98023e-08, 0, 1, 0, 0, 0)
script = ExtResource("14_nk68g")
path = NodePath("../../../../../Path/Boat2Path")

[node name="Camera" type="Node3D" parent="Common/Object/DoubleBoatSection/Boat2"]
script = ExtResource("8_srgif")
transitionTime = 0.5
settings = ExtResource("27_rj7ls")

[node name="Start3" parent="Common/Object/DoubleBoatSection" instance=ExtResource("11_3ntm7")]
transform = Transform3D(-0.973041, 0, -0.230633, 0, 1, 0, 0.230633, 0, -0.973041, 48.6431, 8.14, 122.67)

[node name="Camera" type="Node3D" parent="Common/Object/DoubleBoatSection/Start3"]
transform = Transform3D(-0.973041, 0, 0.230633, 0, 1, 0, -0.230633, 0, -0.973041, 19.3319, -8.14, 130.651)
script = ExtResource("8_srgif")
transitionTime = 0.5
settings = ExtResource("27_rj7ls")

[node name="JumpTrigger" type="Node3D" parent="Common/Object/DoubleBoatSection/Start3"]
transform = Transform3D(0.999042, 0, -0.0437763, 0, 1, 0, 0.0437763, 0, 0.999042, -0.391098, -7.91274, 6.5859)
script = ExtResource("12_t28j3")
jumpHeight = 1.0

[node name="CollisionShape3D" type="CollisionShape3D" parent="Common/Object/DoubleBoatSection/Start3"]
transform = Transform3D(1, 0, 0, 0, 1, 0, 0, 0, 1, 0, 8, 0)
shape = SubResource("23")

[node name="Boat3" parent="Common/Object/DoubleBoatSection" node_paths=PackedStringArray("path") instance=ExtResource("10_0g3b7")]
transform = Transform3D(-0.984807, 0, -0.173648, 0, 1, 0, 0.173648, 0, -0.984807, 47.2927, 0, 114.937)
maxSpeed = 15.0
path = NodePath("../../../../Path/Boat3Path")

[node name="Path" type="Node3D" parent="Common/Object/DoubleBoatSection/Boat3" node_paths=PackedStringArray("path")]
transform = Transform3D(-0.984809, 0, 0.173648, 0, 1, 0, -0.173648, 0, -0.984809, 26.9111, 0, 121.455)
script = ExtResource("14_nk68g")
path = NodePath("../../../../../Path/Boat3Path")

[node name="End2" parent="Common/Object/DoubleBoatSection" instance=ExtResource("11_3ntm7")]
transform = Transform3D(-0.474093, 0, 0.880475, 0, 1, 0, -0.880475, 0, -0.474093, 77.5814, 0.0999999, 58.9539)
"Enter Mode" = 0

[node name="Jump" type="Node3D" parent="Common/Object/DoubleBoatSection/End2"]
transform = Transform3D(0.998141, 0, 0.0609441, 0, 1, 0, -0.0609441, 0, 0.998141, 0.30159, 3.905, 10.9033)
script = ExtResource("12_t28j3")
jumpHeight = 4.0
autoAlign = true
forceConsistentHeight = true

[node name="Path" type="Node3D" parent="Common/Object/DoubleBoatSection/End2/Jump" node_paths=PackedStringArray("path")]
transform = Transform3D(1, 0, -2.23517e-08, 0, 1, 0, 2.23517e-08, 0, 1, 2.8877, -1.38519, 1.33322)
script = ExtResource("14_nk68g")
path = NodePath("../../../../../../Path/LongIslandPath")

[node name="Camera" type="Node3D" parent="Common/Object/DoubleBoatSection/End2/Jump"]
script = ExtResource("8_srgif")
transitionTime = 0.5
settings = ExtResource("30_iftkg")

[node name="CollisionShape3D" type="CollisionShape3D" parent="Common/Object/DoubleBoatSection/End2"]
transform = Transform3D(0.998176, 0, 0.0609475, 0, 1, 0, -0.0609475, 0, 0.998176, 0.82653, -0.787842, 0.815674)
shape = SubResource("BoxShape3D_68mnv")

[node name="End3" parent="Common/Object/DoubleBoatSection" instance=ExtResource("11_3ntm7")]
transform = Transform3D(-0.772445, 0, 0.635082, 0, 1, 0, -0.635082, 0, -0.772445, 57.6334, -0.0996599, 76.8219)

[node name="Land" type="Node3D" parent="Common/Object/DoubleBoatSection/End3"]
transform = Transform3D(0.939692, 0, -0.34202, 0, 1, 0, 0.34202, 0, 0.939692, -7.921, 5, 36.852)
script = ExtResource("12_t28j3")
jumpHeight = 3.0
autoAlign = true
forceConsistentHeight = true

[node name="Path" type="Node3D" parent="Common/Object/DoubleBoatSection/End3/Land" node_paths=PackedStringArray("path")]
transform = Transform3D(0.595145, 0, 0.803618, 0, 1, 0, -0.803618, 0, 0.595145, 3.92916, -5.10256, 37.6475)
script = ExtResource("14_nk68g")
path = NodePath("../../../../../../Path/LongIslandPath")

[node name="Camera" type="Node3D" parent="Common/Object/DoubleBoatSection/End3/Land"]
transform = Transform3D(0.999774, 0, 0.0212975, 0, 1, 0, -0.0212975, 0, 0.999774, -0.0547256, -0.89534, -0.168732)
script = ExtResource("8_srgif")
transitionTime = 0.5
settings = ExtResource("30_iftkg")

[node name="CollisionShape3D" type="CollisionShape3D" parent="Common/Object/DoubleBoatSection/End3"]
shape = SubResource("BoxShape3D_sfidh")

[node name="Spring" parent="Common/Object/DoubleBoatSection" instance=ExtResource("7_t54v7")]
transform = Transform3D(0.819156, 0, 0.573572, 0, 1, 0, -0.573572, 0, 0.819156, 112.923, 4.501, 49.032)
middleHeight = 10.0
finalHeight = 10.0
voiceKey = &""

[node name="EndingBoatSection" type="Node3D" parent="Common/Object"]
transform = Transform3D(-0.615661, 0, 0.788011, 0, 1, 0, -0.788011, 0, -0.615661, -149.111, -6, 40.8708)

[node name="Boat4" parent="Common/Object/EndingBoatSection" node_paths=PackedStringArray("path") instance=ExtResource("10_0g3b7")]
maxSpeed = 15.0
path = NodePath("../../../../Path/Boat4Path")

[node name="Path" type="Node3D" parent="Common/Object/EndingBoatSection/Boat4" node_paths=PackedStringArray("path")]
transform = Transform3D(1, 0, 2.98023e-08, 0, 1, 0, -2.98023e-08, 0, 1, 0, 0, 0)
script = ExtResource("14_nk68g")
path = NodePath("../../../../../Path/Boat4Path")

[node name="Camera" type="Node3D" parent="Common/Object/EndingBoatSection/Boat4"]
script = ExtResource("8_srgif")
transitionTime = 0.5
settings = ExtResource("27_rj7ls")

[node name="Start" parent="Common/Object/EndingBoatSection" instance=ExtResource("11_3ntm7")]
transform = Transform3D(0.995671, 0, 0.0929433, 0, 1, 0, -0.0929433, 0, 0.995671, -0.669189, 11.94, -10.5017)

[node name="JumpTrigger" type="Node3D" parent="Common/Object/EndingBoatSection/Start"]
transform = Transform3D(0.998149, 0, -0.0608222, 0, 1, 0, 0.0608222, 0, 0.998149, -0.185692, -11.6969, 9.31386)
script = ExtResource("12_t28j3")
jumpHeight = 1.0

[node name="Camera" type="Node3D" parent="Common/Object/EndingBoatSection/Start"]
transform = Transform3D(1, 0, 2.98023e-08, 0, 1, 0, -2.98023e-08, 0, 1, -1.92554, -10.2, 11.5365)
script = ExtResource("8_srgif")
transitionTime = 0.5
transitionType = 1
UpdateEveryFrame = true
settings = ExtResource("31_teiyu")

[node name="CollisionShape3D" type="CollisionShape3D" parent="Common/Object/EndingBoatSection/Start"]
transform = Transform3D(1, 0, 0, 0, 1, 0, 0, 0, 1, 0, 8, 0)
shape = SubResource("23")

[node name="EndR" parent="Common/Object/EndingBoatSection" instance=ExtResource("11_3ntm7")]
transform = Transform3D(0.443598, 0, 0.896225, 0, 1, 0, -0.896225, 0, 0.443598, 56.4595, 0, 17.6417)
"Enter Mode" = 0

[node name="Camera" type="Node3D" parent="Common/Object/EndingBoatSection/EndR"]
transform = Transform3D(0.573576, 0, -0.819152, 0, 1, 0, 0.819152, 0, 0.573576, -5.19933, 0, 9.85179)
script = ExtResource("8_srgif")
transitionTime = 0.5
settings = ExtResource("32_4o55q")

[node name="JumpTrigger" type="Node3D" parent="Common/Object/EndingBoatSection/EndR"]
transform = Transform3D(1, 0, 0, 0, 1, 0, 0, 0, 1, -3.62912, 3.91687, 6.59309)
script = ExtResource("12_t28j3")
jumpHeight = 3.0
autoAlign = true
forceConsistentHeight = true

[node name="Path" type="Node3D" parent="Common/Object/EndingBoatSection/EndR/JumpTrigger" node_paths=PackedStringArray("path")]
script = ExtResource("14_nk68g")
path = NodePath("../../../../../../Path/RightPath")

[node name="CollisionShape3D" type="CollisionShape3D" parent="Common/Object/EndingBoatSection/EndR"]
shape = SubResource("92")

[node name="EndL" parent="Common/Object/EndingBoatSection" instance=ExtResource("11_3ntm7")]
transform = Transform3D(0.83228, 0, 0.554354, 0, 1, 0, -0.554354, 0, 0.83228, 60.1605, 0, 13.4828)
"Enter Mode" = 0

[node name="Camera" type="Node3D" parent="Common/Object/EndingBoatSection/EndL"]
transform = Transform3D(1, 0, 2.98023e-08, 0, 1, 0, -2.98023e-08, 0, 1, 0, 0, 0)
script = ExtResource("8_srgif")
transitionTime = 0.5
settings = ExtResource("32_4o55q")

[node name="JumpTrigger" type="Node3D" parent="Common/Object/EndingBoatSection/EndL"]
transform = Transform3D(1, 0, 0, 0, 1, 0, 0, 0, 1, -0.527206, 3.91688, 11.9908)
script = ExtResource("12_t28j3")
jumpHeight = 5.0
autoAlign = true

[node name="Path" type="Node3D" parent="Common/Object/EndingBoatSection/EndL/JumpTrigger" node_paths=PackedStringArray("path")]
script = ExtResource("14_nk68g")
path = NodePath("../../../../../../Path/LeftPath")

[node name="CollisionShape3D" type="CollisionShape3D" parent="Common/Object/EndingBoatSection/EndL"]
shape = SubResource("92")

[node name="WaterfallJumpTrigger" parent="Common/Object" instance=ExtResource("11_3ntm7")]
transform = Transform3D(0.829564, 0, 0.558411, 0, 1, 0, -0.558411, 0, 0.829564, 2.82258, 18.0583, 132.968)

[node name="Land" type="Node3D" parent="Common/Object/WaterfallJumpTrigger"]
transform = Transform3D(1, 0, 0, 0, 1, 0, 0, 0, 1, -18.509, -6.93008, 4.74339)
script = ExtResource("12_t28j3")
jumpHeight = 1.0

[node name="CollisionShape3D" type="CollisionShape3D" parent="Common/Object/WaterfallJumpTrigger"]
transform = Transform3D(1, 0, 0, 0, 1, 0, 0, 0, 1, 7.62939e-05, -1.50488, 0.561928)
shape = SubResource("BoxShape3D_ow8ka")

[node name="LotusGroup" type="Node3D" parent="Common"]
transform = Transform3D(1, 0, 0, 0, 1, 0, 0, 0, 1, 22.14, 0, 73.86)

[node name="LotusPlatform" parent="Common/LotusGroup" instance=ExtResource("1_d384b")]
transform = Transform3D(2.25, 0, 0, 0, 1, 0, 0, 0, 2.25, -6.57199, -7.58499, -24.47)

[node name="LotusPlatform2" parent="Common/LotusGroup" instance=ExtResource("1_d384b")]
transform = Transform3D(2.25, 0, 0, 0, 1, 0, 0, 0, 2.25, 1.007, -9.185, -8.56001)

[node name="LotusPlatform3" parent="Common/LotusGroup" instance=ExtResource("1_d384b")]
transform = Transform3D(2.25, 0, 0, 0, 1, 0, 0, 0, 2.25, -8.362, -5.08499, -0.720001)

[node name="LotusPlatform4" parent="Common/LotusGroup" instance=ExtResource("1_d384b")]
transform = Transform3D(2.25, 0, 0, 0, 1, 0, 0, 0, 2.25, 2.14701, -10.085, 8.62)

[node name="LotusPlatform5" parent="Common/LotusGroup" instance=ExtResource("1_d384b")]
transform = Transform3D(2.25, 0, 0, 0, 1, 0, 0, 0, 2.25, -1.333, -11.114, 25.2199)

[node name="CactusPlatform1" parent="Common" instance=ExtResource("2_y75g5")]
transform = Transform3D(1.5, 0, 0, 0, 1.5, 0, 0, 0, 1.5, 19.576, 5.1904, 112.542)

[node name="CactusPlatform2" parent="Common" instance=ExtResource("2_y75g5")]
transform = Transform3D(1.5, 0, 0, 0, 1.5, 0, 0, 0, 1.5, 13.166, 12.5, 112.952)

[node name="CactusPlatform3" parent="Common" instance=ExtResource("2_y75g5")]
transform = Transform3D(2, 0, -2.23517e-07, 0, 2, 0, 2.23517e-07, 0, 2, -14.224, 23.7, 150.362)

[node name="GrassPillar1" parent="Common" instance=ExtResource("3_f3x6u")]
transform = Transform3D(1, 0, 0, 0, 1, 0, 0, 0, 1, -62.9927, 16.3, 225.311)

[node name="LotusGroup2" type="Node3D" parent="Common"]
transform = Transform3D(2.25, 0, 0, 0, 1.2, 0, 0, 0, 2.25, -99.023, -10.734, -11.94)

[node name="LotusPlatform1" parent="Common/LotusGroup2" instance=ExtResource("1_d384b")]
transform = Transform3D(0.9, 0, 0, 0, 1, 0, 0, 0, 0.9, -7.82566, 0, -10.223)

[node name="LotusPlatform2" parent="Common/LotusGroup2" instance=ExtResource("1_d384b")]
transform = Transform3D(0.9, 0, 0, 0, 1, 0, 0, 0, 0.9, -1.716, -1.46083, -5.816)

[node name="LotusPlatform3" parent="Common/LotusGroup2" instance=ExtResource("1_d384b")]
transform = Transform3D(1.2, 0, 0, 0, 1, 0, 0, 0, 1.2, 1.74133, -1.10417, 1.12751)

[node name="LotusPlatform4" parent="Common/LotusGroup2" instance=ExtResource("1_d384b")]
transform = Transform3D(0.9, 0, 0, 0, 1, 0, 0, 0, 0.9, 4.29776, -2.51584, 7.98932)

[node name="LotusPlatform5" parent="Common/LotusGroup2" instance=ExtResource("1_d384b")]
transform = Transform3D(0.9, 0, 0, 0, 1, 0, 0, 0, 0.9, 4.21332, -5.34167, 14.4933)

[node name="SpringPath" type="Node3D" parent="Common"]
transform = Transform3D(1, 0, 0, 0, 1, 0, 0, 0, 1, -63.5, 16.3, 225.1)

[node name="Spring1" parent="Common/SpringPath" instance=ExtResource("7_t54v7")]
transform = Transform3D(0.747024, -0.575731, 0.332397, 0, 0.499998, 0.866027, -0.664797, -0.646942, 0.373511, -0.557281, 10.052, -3.07292)
middleHeight = 8.0
finalHeight = 10.0
distance = 27.0
voiceKey = &""

[node name="Spring2" parent="Common/SpringPath" instance=ExtResource("7_t54v7")]
transform = Transform3D(0.985426, 0.134906, -0.103618, 0.0418479, 0.398156, 0.916362, 0.164879, -0.907344, 0.386707, -18.2853, 19.6342, -23.1258)
middleHeight = 2.0
finalHeight = -6.0
distance = 44.0
voiceKey = &""

[node name="Spring3" parent="Common/SpringPath" instance=ExtResource("7_t54v7")]
transform = Transform3D(0.83508, 0.418437, -0.357143, 0.0418832, 0.598957, 0.799684, 0.548532, -0.682758, 0.482652, -11.7185, 13.9955, -66.0561)
middleHeight = 10.0
finalHeight = 5.8
distance = 49.2
voiceKey = &""

[node name="JumpTriggers" type="Node3D" parent="Common/SpringPath"]
transform = Transform3D(1, 0, 0, 0, 1, 0, 0, 0, 1, 13.855, 19.7955, -108.076)

[node name="StaticCam" type="Node3D" parent="Common/SpringPath/JumpTriggers"]
transform = Transform3D(1, 0, 0, 0, 1, 0, 0, 0, 1, 16, -16, -18)
script = ExtResource("8_srgif")
transitionTime = 0.5
transitionType = 1
settings = ExtResource("31_teiyu")

[node name="Jump1" type="Node3D" parent="Common/SpringPath/JumpTriggers"]
transform = Transform3D(1, 0, 0, 0, 1, 0, 0, 0, 1, -6, -6.3, -5.7)
script = ExtResource("12_t28j3")
jumpHeight = 5.0

[node name="Jump2" type="Node3D" parent="Common/SpringPath/JumpTriggers/Jump1"]
transform = Transform3D(1, 0, 0, 0, 1, 0, 0, 0, 1, 23.3427, -15.3, -22.5469)
script = ExtResource("12_t28j3")
jumpHeight = 16.0
autoAlign = true
forceConsistentHeight = true

[node name="Path" type="Node3D" parent="Common/SpringPath/JumpTriggers/Jump1/Jump2" node_paths=PackedStringArray("path")]
script = ExtResource("14_nk68g")
path = NodePath("../../../../../../Path/SpringIslandPath")

[node name="Camera" type="Node3D" parent="Common/SpringPath/JumpTriggers/Jump1/Jump2"]
script = ExtResource("8_srgif")
transitionTime = 0.5
settings = ExtResource("40_87ag4")

[node name="JumpPanel" parent="Common/SpringPath" instance=ExtResource("6_wsjb6")]
transform = Transform3D(-0.991912, 0, 0.126926, 0, 1, 0, -0.126926, 0, -0.991912, 33.764, -1.7, -149.705)
middleHeight = 12.0
finalHeight = 9.0
distance = 49.0

[node name="Cam" type="Node3D" parent="Common/SpringPath/JumpPanel"]
transform = Transform3D(0.719846, -0.604023, 0.34202, 0.642788, 0.766044, 0, -0.262003, 0.219846, 0.939693, -0.358374, 10.2604, 48.7001)
script = ExtResource("8_srgif")
transitionTime = 0.5
settings = ExtResource("29_aj4vj")

[node name="Spring" parent="Common/SpringPath/JumpPanel" instance=ExtResource("7_t54v7")]
transform = Transform3D(0.719846, -0.604023, 0.34202, 0.642788, 0.766044, 0, -0.262003, 0.219846, 0.939693, -0.358374, 10.2604, 48.7001)
middleHeight = 20.0
finalHeight = -26.095
distance = 30.0
voiceKey = &""

[node name="Cam" type="Node3D" parent="Common/SpringPath/JumpPanel/Spring"]
script = ExtResource("8_srgif")
transitionTime = 2.0
deactivationTransitionTime = 0.5
settings = ExtResource("30_pxcko")
previousSettings = ExtResource("2_14mqj")

[node name="Path" type="Node3D" parent="Common/SpringPath/JumpPanel/Spring" node_paths=PackedStringArray("path")]
script = ExtResource("14_nk68g")
path = NodePath("../../../../../Path/LeftPath")

[node name="GrassPillar" parent="Common/SpringPath" instance=ExtResource("3_f3x6u")]
transform = Transform3D(-1.8587, 0, 0.923003, 0, 2, 0, -0.738402, 0, -2.32337, 31.8, -21.7, -141.7)

[node name="Dino" type="Node3D" parent="Common" node_paths=PackedStringArray("animator")]
transform = Transform3D(-0.422618, 0, -0.906308, 0, 1, 0, 0.906308, 0, -0.422618, -83.956, -20.314, -30.196)
script = ExtResource("4_7yy7k")
"Trigger Settings/Automatically Respawn" = true
"Trigger Settings/Is One Shot" = true
"Trigger Settings/Player Stand-in" = NodePath("")
animator = NodePath("DinoApatos/AnimationPlayer")
respawnAnimation = 2

[node name="DinoBridge" type="Node3D" parent="Common/Dino"]
transform = Transform3D(0.999997, 0, -0.0023039, 0, 1, 0, 0.0023039, 0, 0.999997, -0.00138664, 0, 1.00031)

[node name="DinoSwitchRight" parent="Common/Dino/DinoBridge" instance=ExtResource("16_i7wrh")]
transform = Transform3D(1, 0, -1.19209e-07, 0, 1, 0, 1.19209e-07, 0, 1, 43.2149, 18.227, 71.2619)

[node name="DinoSwitchLeft" parent="Common/Dino/DinoBridge" instance=ExtResource("16_i7wrh")]
transform = Transform3D(1, 0, -1.49012e-07, 0, 1, 0, 1.49012e-07, 0, 1, 40.7799, 18.227, 76.2739)

[node name="DinoLockout" parent="Common/Dino/DinoBridge" instance=ExtResource("11_3ntm7")]
transform = Transform3D(0.972006, -1.35515e-08, -0.234955, 1.70625e-08, 1, 1.291e-08, 0.234955, -1.65575e-08, 0.972006, -6.26522, 34.652, -6.34328)
"Trigger Mode" = 2
"Enter Mode" = 0
"Exit Mode" = 0

[node name="Lockout" type="Node3D" parent="Common/Dino/DinoBridge/DinoLockout"]
transform = Transform3D(1, -4.44089e-16, 2.98023e-08, -4.44089e-16, 1, -2.22045e-16, -2.98023e-08, -2.22045e-16, 1, 0, 0, 0)
script = ExtResource("23_jjjno")
lockoutData = ExtResource("24_6k6u3")

[node name="CollisionShape3D" type="CollisionShape3D" parent="Common/Dino/DinoBridge/DinoLockout"]
transform = Transform3D(1, -9.32587e-15, -2.98023e-08, 2.14495e-13, 1, -1.77636e-15, 2.98023e-08, 2.22045e-16, 1, 0, 0, -1.2)
shape = SubResource("60")

[node name="DinoTransitionJump" parent="Common/Dino/DinoBridge" instance=ExtResource("11_3ntm7")]
