[gd_scene load_steps=61 format=3 uid="uid://gnw1drjjo5gi"]

[ext_resource type="PackedScene" uid="uid://dj1cswbo7iqnb" path="res://area/2 dino jungle/object/platform/LotusPlatform.tscn" id="1_d384b"]
[ext_resource type="Script" path="res://object/stage/StageSettings.cs" id="1_tbi4j"]
[ext_resource type="PackedScene" uid="uid://bjkwrplubhwil" path="res://area/2 dino jungle/object/platform/CactusPlatform.tscn" id="2_y75g5"]
[ext_resource type="PackedScene" uid="uid://cbs8o4mdf1wbo" path="res://area/2 dino jungle/object/platform/GrassPillar.tscn" id="3_f3x6u"]
[ext_resource type="Script" path="res://object/trigger/modules/EventTrigger.cs" id="4_7yy7k"]
[ext_resource type="PackedScene" uid="uid://7nr1lmccsbg6" path="res://area/2 dino jungle/object/dino/DinoApatos.tscn" id="5_tccji"]
[ext_resource type="PackedScene" uid="uid://87lgwwefd4g4" path="res://object/stage/common/JumpPanel.tscn" id="6_wsjb6"]
[ext_resource type="PackedScene" uid="uid://b8m1x0tudbcbd" path="res://object/stage/common/Spring.tscn" id="7_t54v7"]
[ext_resource type="Script" path="res://object/trigger/modules/CameraTrigger.cs" id="8_srgif"]
[ext_resource type="PackedScene" uid="uid://cuplakh6fkalc" path="res://area/2 dino jungle/object/Boat.tscn" id="10_0g3b7"]
[ext_resource type="PackedScene" uid="uid://bn6wr6l8s3qyt" path="res://object/trigger/StageTrigger.tscn" id="11_3ntm7"]
[ext_resource type="AnimationLibrary" uid="uid://dkn0qsuhlfgge" path="res://area/2 dino jungle/object/model/animation/apato/DinoApato2AnimationLibrary.gltf" id="11_7735k"]
[ext_resource type="Script" path="res://object/trigger/modules/JumpTrigger.cs" id="12_t28j3"]
[ext_resource type="PackedScene" uid="uid://153wwjnd7nv6" path="res://object/stage/common/FlyingPot.tscn" id="13_0pim3"]
[ext_resource type="Script" path="res://object/trigger/modules/PathTrigger.cs" id="14_nk68g"]
[ext_resource type="PackedScene" uid="uid://c85xw5ix60fe8" path="res://object/stage/common/Switch.tscn" id="16_i7wrh"]
[ext_resource type="AudioStream" uid="uid://vp7cbqph4dww" path="res://sound/sfx/stage/dinosaur jungle/dino apatos grunt.wav" id="18_ly4rc"]
[ext_resource type="Script" path="res://object/trigger/modules/LockoutTrigger.cs" id="23_jjjno"]
[ext_resource type="Resource" uid="uid://38s0wkpi5mlf" path="res://resource/preset/lockout/RecenterLockout.tres" id="24_6k6u3"]
[ext_resource type="Curve3D" uid="uid://canxl3tn8sg7s" path="res://area/2 dino jungle/act 2/environment/path/LeftPath.tres" id="26_7ndlt"]
[ext_resource type="Curve3D" uid="uid://qtf7k76whrd0" path="res://area/2 dino jungle/act 2/environment/path/Boat1Path.tres" id="28_2tep1"]
[ext_resource type="Curve3D" uid="uid://5fuv5bbb7svk" path="res://area/2 dino jungle/act 2/environment/path/Island1Path.tres" id="28_ffyye"]
[ext_resource type="Script" path="res://object/trigger/modules/DeathTrigger.cs" id="28_kp8ug"]
[ext_resource type="Curve3D" uid="uid://bkso70enu2bng" path="res://area/2 dino jungle/act 2/environment/path/Island2Path.tres" id="29_6kh3l"]
[ext_resource type="PackedScene" uid="uid://crkwyskdhsk6u" path="res://area/2 dino jungle/act 2/environment/collision/Collision.tscn" id="29_eiiea"]
[ext_resource type="Curve3D" uid="uid://doyjkfpqinug3" path="res://area/2 dino jungle/act 2/environment/path/Boat2Path.tres" id="29_op4b4"]
[ext_resource type="Curve3D" uid="uid://cvvconeko1ci" path="res://area/2 dino jungle/act 2/environment/path/Island3Path.tres" id="30_1ygta"]
[ext_resource type="Curve3D" uid="uid://basgommcdheyi" path="res://area/2 dino jungle/act 2/environment/path/Boat3Path.tres" id="30_gs7yc"]
[ext_resource type="PackedScene" uid="uid://dhudcebp1ql1o" path="res://area/2 dino jungle/act 2/environment/DJAct2.tscn" id="30_ymmwk"]
[ext_resource type="Curve3D" uid="uid://bx6mb4p57qydd" path="res://area/2 dino jungle/act 2/environment/path/Boat4Path.tres" id="31_hajvb"]
[ext_resource type="PackedScene" uid="uid://cv8wawfkxffx" path="res://area/2 dino jungle/data/skybox/Skybox.tscn" id="31_rnkde"]
[ext_resource type="PackedScene" uid="uid://0o1ds8o5k04j" path="res://effect/buffer/PlanarReflectionRenderer.tscn" id="32_2v3ne"]
[ext_resource type="Material" uid="uid://d0klutkn8da67" path="res://area/2 dino jungle/data/material/Water.tres" id="33_kheyr"]
[ext_resource type="Curve3D" uid="uid://mig8mj50lbiu" path="res://area/2 dino jungle/act 2/environment/path/RightPath.tres" id="33_quywa"]
[ext_resource type="Curve3D" uid="uid://b6lms2do0qg2p" path="res://area/2 dino jungle/act 2/environment/path/SpringPath.tres" id="34_2rl0i"]
[ext_resource type="PackedScene" uid="uid://bqikfuweybrc6" path="res://area/2 dino jungle/data/BGM.tscn" id="35_dxojr"]
[ext_resource type="Environment" uid="uid://dfwf2f7c3ljwg" path="res://area/2 dino jungle/data/Environment.tres" id="36_vlkax"]

[sub_resource type="BoxShape3D" id="60"]
size = Vector3(24.17, 43.612, 85.134)

[sub_resource type="BoxShape3D" id="23"]
size = Vector3(10, 20, 2.5)

[sub_resource type="BoxShape3D" id="92"]
size = Vector3(2.42, 2.76, 12.44)

[sub_resource type="SphereShape3D" id="27"]
radius = 5.098

[sub_resource type="BoxShape3D" id="28"]
size = Vector3(38.578, 14.106, 16.328)

[sub_resource type="BoxShape3D" id="67"]
size = Vector3(12.944, 25.34, 16.328)

[sub_resource type="BoxShape3D" id="62"]
size = Vector3(12.944, 25.916, 16.328)

[sub_resource type="BoxShape3D" id="63"]
size = Vector3(7.214, 26.15, 16.328)

[sub_resource type="BoxShape3D" id="64"]
size = Vector3(64.116, 26.15, 36.66)

[sub_resource type="SphereShape3D" id="65"]
radius = 7.338

[sub_resource type="BoxShape3D" id="48"]
size = Vector3(72.962, 10.734, 14.142)

[sub_resource type="BoxShape3D" id="54"]
size = Vector3(22.316, 28.056, 14.142)

[sub_resource type="BoxShape3D" id="59"]
size = Vector3(21.806, 37.046, 7.666)

[sub_resource type="BoxShape3D" id="49"]
size = Vector3(17.234, 43.612, 22.662)

[sub_resource type="BoxShape3D" id="50"]
size = Vector3(22.024, 43.612, 8.946)

[sub_resource type="BoxShape3D" id="51"]
size = Vector3(8.06, 43.612, 8.946)

[sub_resource type="BoxShape3D" id="52"]
size = Vector3(4.384, 43.612, 14.702)

[sub_resource type="BoxShape3D" id="19"]
size = Vector3(452.68, 20, 549.34)

[sub_resource type="Animation" id="94"]
length = 0.001
tracks/0/type = "value"
tracks/0/imported = false
tracks/0/enabled = true
tracks/0/path = NodePath(".:position")
tracks/0/interp = 1
tracks/0/loop_wrap = false
tracks/0/keys = {
"times": PackedFloat32Array(0),
"transitions": PackedFloat32Array(1),
"update": 0,
"values": [Vector3(119.668, 35.9585, -70.5782)]
}
tracks/1/type = "value"
tracks/1/imported = false
tracks/1/enabled = true
tracks/1/path = NodePath(".:rotation")
tracks/1/interp = 1
tracks/1/loop_wrap = false
tracks/1/keys = {
"times": PackedFloat32Array(0),
"transitions": PackedFloat32Array(1),
"update": 0,
"values": [Vector3(0, 2.41728, 0)]
}
tracks/2/type = "value"
tracks/2/imported = false
tracks/2/enabled = true
tracks/2/path = NodePath("Camera:rotation")
tracks/2/interp = 1
tracks/2/loop_wrap = false
tracks/2/keys = {
"times": PackedFloat32Array(0),
"transitions": PackedFloat32Array(1),
"update": 0,
"values": [Vector3(-0.20944, 0, 0)]
}
tracks/3/type = "value"
tracks/3/imported = false
tracks/3/enabled = true
tracks/3/path = NodePath("Camera:fov")
tracks/3/interp = 1
tracks/3/loop_wrap = false
tracks/3/keys = {
"times": PackedFloat32Array(0),
"transitions": PackedFloat32Array(1),
"update": 0,
"values": [30.0]
}
tracks/4/type = "value"
tracks/4/imported = false
tracks/4/enabled = true
tracks/4/path = NodePath("Camera:current")
tracks/4/interp = 1
tracks/4/loop_wrap = true
tracks/4/keys = {
"times": PackedFloat32Array(0),
"transitions": PackedFloat32Array(1),
"update": 1,
"values": [false]
}

[sub_resource type="Animation" id="93"]
resource_name = "demo1"
length = 8.0
tracks/0/type = "value"
tracks/0/imported = false
tracks/0/enabled = true
tracks/0/path = NodePath(".:position")
tracks/0/interp = 1
tracks/0/loop_wrap = false
tracks/0/keys = {
"times": PackedFloat32Array(0, 1, 4, 6.5, 8),
"transitions": PackedFloat32Array(0.5, 3, 0.6, 1.51572, 1),
"update": 0,
"values": [Vector3(119.668, 35.9585, -70.5782), Vector3(120.216, 35.9585, -70.11), Vector3(108.916, 35.9585, -80.1044), Vector3(89.2943, 35.9585, -94.2872), Vector3(81.7299, 35.9585, -98.1778)]
}
tracks/1/type = "value"
tracks/1/imported = false
tracks/1/enabled = true
tracks/1/path = NodePath(".:rotation")
tracks/1/interp = 1
tracks/1/loop_wrap = false
tracks/1/keys = {
"times": PackedFloat32Array(0, 1, 2, 6.2, 7, 7.6, 8),
"transitions": PackedFloat32Array(1.30583, 0.8, 1.4, 0.5, 1.5, 0.8, 1),
"update": 0,
"values": [Vector3(0, 2.41728, 0), Vector3(0, 2.43473, 0), Vector3(0, 2.44346, 0), Vector3(0, 2.10138, 0), Vector3(0, 2.05949, 0), Vector3(0, 2.07694, 0), Vector3(0, 2.0944, 0)]
}
tracks/2/type = "value"
tracks/2/imported = false
tracks/2/enabled = true
tracks/2/path = NodePath("Camera:rotation")
tracks/2/interp = 1
tracks/2/loop_wrap = false
tracks/2/keys = {
"times": PackedFloat32Array(0),
"transitions": PackedFloat32Array(1),
"update": 0,
"values": [Vector3(-0.20944, 0, 0)]
}
tracks/3/type = "value"
tracks/3/imported = false
tracks/3/enabled = true
tracks/3/path = NodePath("Camera:fov")
tracks/3/interp = 1
tracks/3/loop_wrap = true
tracks/3/keys = {
"times": PackedFloat32Array(0),
"transitions": PackedFloat32Array(1),
"update": 0,
"values": [30.0]
}
tracks/4/type = "value"
tracks/4/imported = false
tracks/4/enabled = true
tracks/4/path = NodePath("Camera:current")
tracks/4/interp = 1
tracks/4/loop_wrap = true
tracks/4/keys = {
"times": PackedFloat32Array(0),
"transitions": PackedFloat32Array(1),
"update": 1,
"values": [true]
}

[sub_resource type="Animation" id="95"]
resource_name = "demo2"
length = 8.0
step = 0.5
tracks/0/type = "value"
tracks/0/imported = false
tracks/0/enabled = true
tracks/0/path = NodePath(".:position")
tracks/0/interp = 1
tracks/0/loop_wrap = false
tracks/0/keys = {
"times": PackedFloat32Array(0, 3, 4.5, 6, 7, 8),
"transitions": PackedFloat32Array(1, 1, 1, 1, 1, 1),
"update": 0,
"values": [Vector3(-33.276, 30, -12.998), Vector3(-18.1307, 30, 25.1368), Vector3(-13.3661, 30, 45.5009), Vector3(-13.6534, 30, 66.8438), Vector3(-16.4814, 30, 81.7072), Vector3(-24.27, 30, 96.3076)]
}
tracks/1/type = "value"
tracks/1/imported = false
tracks/1/enabled = true
tracks/1/path = NodePath(".:rotation")
tracks/1/interp = 1
tracks/1/loop_wrap = false
tracks/1/keys = {
"times": PackedFloat32Array(0, 8),
"transitions": PackedFloat32Array(2.5, 1),
"update": 0,
"values": [Vector3(0, -2.72271, 0), Vector3(0, -3.38245, 0)]
}
tracks/2/type = "value"
tracks/2/imported = false
tracks/2/enabled = true
tracks/2/path = NodePath("Camera:rotation")
tracks/2/interp = 1
tracks/2/loop_wrap = false
tracks/2/keys = {
"times": PackedFloat32Array(0),
"transitions": PackedFloat32Array(1),
"update": 0,
"values": [Vector3(0, 0, 0)]
}
tracks/3/type = "value"
tracks/3/imported = false
tracks/3/enabled = true
tracks/3/path = NodePath("Camera:fov")
tracks/3/interp = 1
tracks/3/loop_wrap = false
tracks/3/keys = {
"times": PackedFloat32Array(0),
"transitions": PackedFloat32Array(1),
"update": 0,
"values": [70.0]
}

[sub_resource type="Animation" id="96"]
resource_name = "demo3"
length = 8.0
tracks/0/type = "value"
tracks/0/imported = false
tracks/0/enabled = true
tracks/0/path = NodePath(".:position")
tracks/0/interp = 1
tracks/0/loop_wrap = false
tracks/0/keys = {
"times": PackedFloat32Array(0, 4, 6, 7, 8),
"transitions": PackedFloat32Array(1, 1, 1, 1, 1),
"update": 0,
"values": [Vector3(-136.13, 15, 82.377), Vector3(-134.455, 15, 53.054), Vector3(-130.82, 15, 38.7321), Vector3(-127.961, 15, 31.8894), Vector3(-123.941, 15, 25.057)]
}
tracks/1/type = "value"
tracks/1/imported = false
tracks/1/enabled = true
tracks/1/path = NodePath(".:rotation")
tracks/1/interp = 1
tracks/1/loop_wrap = false
tracks/1/keys = {
"times": PackedFloat32Array(0, 8),
"transitions": PackedFloat32Array(1.5, 1),
"update": 0,
"values": [Vector3(0, 0, 0), Vector3(0, -0.523599, 0)]
}
tracks/2/type = "value"
tracks/2/imported = false
tracks/2/enabled = true
tracks/2/path = NodePath("Camera:rotation")
tracks/2/interp = 1
tracks/2/loop_wrap = false
tracks/2/keys = {
"times": PackedFloat32Array(0, 8),
"transitions": PackedFloat32Array(1.5, 1),
"update": 0,
"values": [Vector3(-0.174533, 0, 0), Vector3(-0.0872665, 0, 0)]
}
tracks/3/type = "value"
tracks/3/imported = false
tracks/3/enabled = true
tracks/3/path = NodePath("Camera:fov")
tracks/3/interp = 1
tracks/3/loop_wrap = false
tracks/3/keys = {
"times": PackedFloat32Array(0),
"transitions": PackedFloat32Array(1),
"update": 0,
"values": [70.0]
}

[sub_resource type="AnimationLibrary" id="AnimationLibrary_sluqh"]
_data = {
"RESET": SubResource("94"),
"demo1": SubResource("93"),
"demo2": SubResource("95"),
"demo3": SubResource("96")
}

[node name="Static" type="Node3D" node_paths=PackedStringArray("pathParent", "completionAnimator", "Environment")]
script = ExtResource("1_tbi4j")
pathParent = NodePath("Path")
completionAnimator = NodePath("DemoCamera/AnimationPlayer")
Environment = NodePath("WorldEnvironment")

[node name="Collision" parent="." instance=ExtResource("29_eiiea")]

[node name="Visuals" type="Node3D" parent="."]

[node name="Sun" type="DirectionalLight3D" parent="Visuals"]
transform = Transform3D(0.794621, 0.189658, 0.576721, -0.604321, 0.156225, 0.781274, 0.0580771, -0.969342, 0.238754, 0, 0, 0)
light_energy = 0.8
light_cull_mask = 4293918723
shadow_enabled = true
directional_shadow_fade_start = 0.9
directional_shadow_pancake_size = 0.0

[node name="DJAct2" parent="Visuals" instance=ExtResource("30_ymmwk")]

[node name="Skybox" parent="Visuals" instance=ExtResource("31_rnkde")]

[node name="PlanarReflectionRenderer" parent="Visuals" instance=ExtResource("32_2v3ne")]
reflectionMaterials = [ExtResource("33_kheyr")]

[node name="Common" type="Node3D" parent="Visuals"]

[node name="LotusGroup" type="Node3D" parent="Visuals/Common"]
transform = Transform3D(1, 0, 0, 0, 1, 0, 0, 0, 1, 22.14, 0, 73.86)

[node name="LotusPlatform" parent="Visuals/Common/LotusGroup" instance=ExtResource("1_d384b")]
transform = Transform3D(2.25, 0, 0, 0, 1, 0, 0, 0, 2.25, -6.57199, -7.58499, -24.47)

[node name="LotusPlatform2" parent="Visuals/Common/LotusGroup" instance=ExtResource("1_d384b")]
transform = Transform3D(2.25, 0, 0, 0, 1, 0, 0, 0, 2.25, 1.007, -9.185, -8.56001)

[node name="LotusPlatform3" parent="Visuals/Common/LotusGroup" instance=ExtResource("1_d384b")]
transform = Transform3D(2.25, 0, 0, 0, 1, 0, 0, 0, 2.25, -8.362, -5.08499, -0.720001)

[node name="LotusPlatform4" parent="Visuals/Common/LotusGroup" instance=ExtResource("1_d384b")]
transform = Transform3D(2.25, 0, 0, 0, 1, 0, 0, 0, 2.25, 2.14701, -10.085, 8.62)

[node name="LotusPlatform5" parent="Visuals/Common/LotusGroup" instance=ExtResource("1_d384b")]
transform = Transform3D(2.25, 0, 0, 0, 1, 0, 0, 0, 2.25, -1.333, -11.114, 25.2199)

[node name="CactusPlatform1" parent="Visuals/Common" instance=ExtResource("2_y75g5")]
transform = Transform3D(1.5, 0, 0, 0, 1.5, 0, 0, 0, 1.5, 19.576, 6.60001, 112.542)

[node name="CactusPlatform2" parent="Visuals/Common" instance=ExtResource("2_y75g5")]
transform = Transform3D(1.5, 0, 0, 0, 1.5, 0, 0, 0, 1.5, 13.166, 12.5, 112.952)

[node name="CactusPlatform3" parent="Visuals/Common" instance=ExtResource("2_y75g5")]
transform = Transform3D(2, 0, -2.23517e-07, 0, 2, 0, 2.23517e-07, 0, 2, -14.224, 23.7, 150.362)

[node name="GrassPillar1" parent="Visuals/Common" instance=ExtResource("3_f3x6u")]
transform = Transform3D(1, 0, 0, 0, 1, 0, 0, 0, 1, -63.5, 16.3, 225.1)

[node name="GrassPillar2" parent="Visuals/Common" instance=ExtResource("3_f3x6u")]
transform = Transform3D(-1.8587, 0, 0.923003, 0, 2, 0, -0.738402, 0, -2.32337, -31.7, -5.4, 83.4)

[node name="LotusGroup2" type="Node3D" parent="Visuals/Common"]
transform = Transform3D(2.25, 0, 0, 0, 1.2, 0, 0, 0, 2.25, -99.023, -10.734, -11.94)

[node name="LotusPlatform1" parent="Visuals/Common/LotusGroup2" instance=ExtResource("1_d384b")]
transform = Transform3D(0.9, 0, 0, 0, 1, 0, 0, 0, 0.9, -7.82566, 0, -10.223)

[node name="LotusPlatform2" parent="Visuals/Common/LotusGroup2" instance=ExtResource("1_d384b")]
transform = Transform3D(0.9, 0, 0, 0, 1, 0, 0, 0, 0.9, -1.716, -1.46083, -5.816)

[node name="LotusPlatform3" parent="Visuals/Common/LotusGroup2" instance=ExtResource("1_d384b")]
transform = Transform3D(1.2, 0, 0, 0, 1, 0, 0, 0, 1.2, 1.74133, -1.10417, 1.12751)

[node name="LotusPlatform4" parent="Visuals/Common/LotusGroup2" instance=ExtResource("1_d384b")]
transform = Transform3D(0.9, 0, 0, 0, 1, 0, 0, 0, 0.9, 4.29776, -2.51584, 7.98932)

[node name="LotusPlatform5" parent="Visuals/Common/LotusGroup2" instance=ExtResource("1_d384b")]
transform = Transform3D(0.9, 0, 0, 0, 1, 0, 0, 0, 0.9, 4.21332, -5.34167, 14.4933)

[node name="Dino" type="Node3D" parent="Visuals/Common" node_paths=PackedStringArray("animator")]
transform = Transform3D(-0.422618, 0, -0.906308, 0, 1, 0, 0.906308, 0, -0.422618, -83.956, -20.314, -30.196)
script = ExtResource("4_7yy7k")
"Trigger Settings/Automatically Respawn" = true
"Trigger Settings/Is One Shot" = true
"Trigger Settings/Player Stand-in" = NodePath("")
animator = NodePath("DinoApatos/AnimationPlayer")
respawnAnimation = 2

[node name="DinoBridge" type="Node3D" parent="Visuals/Common/Dino"]
transform = Transform3D(0.999997, 0, -0.0023039, 0, 1, 0, 0.0023039, 0, 0.999997, -0.00138664, 0, 1.00031)

[node name="DinoSwitchRight" parent="Visuals/Common/Dino/DinoBridge" instance=ExtResource("16_i7wrh")]
transform = Transform3D(1, 0, -1.19209e-07, 0, 1, 0, 1.19209e-07, 0, 1, 43.2149, 18.227, 71.2619)

[node name="DinoSwitchLeft" parent="Visuals/Common/Dino/DinoBridge" instance=ExtResource("16_i7wrh")]
transform = Transform3D(1, 0, -1.49012e-07, 0, 1, 0, 1.49012e-07, 0, 1, 40.7799, 18.227, 76.2739)

[node name="DinoLockout" parent="Visuals/Common/Dino/DinoBridge" instance=ExtResource("11_3ntm7")]
transform = Transform3D(0.972006, -1.35515e-08, -0.234955, 1.70625e-08, 1, 1.291e-08, 0.234955, -1.65575e-08, 0.972006, -6.26522, 34.652, -6.34328)
"Trigger Mode" = 2
"Enter Mode" = 0
"Exit Mode" = 0

[node name="Lockout" type="Node3D" parent="Visuals/Common/Dino/DinoBridge/DinoLockout"]
transform = Transform3D(1, -4.44089e-16, 2.98023e-08, -4.44089e-16, 1, -2.22045e-16, -2.98023e-08, -2.22045e-16, 1, 0, 0, 0)
script = ExtResource("23_jjjno")
lockoutData = ExtResource("24_6k6u3")

[node name="PathChanger" type="Node3D" parent="Visuals/Common/Dino/DinoBridge/DinoLockout" node_paths=PackedStringArray("path")]
script = ExtResource("14_nk68g")
path = NodePath("../../../../../../Path/LeftPath")

[node name="CollisionShape3D" type="CollisionShape3D" parent="Visuals/Common/Dino/DinoBridge/DinoLockout"]
transform = Transform3D(1, 8.88178e-16, -2.98023e-08, -1.77636e-15, 1, -2.22045e-15, 2.98023e-08, -1.55431e-15, 1, 0, 0, 0)
shape = SubResource("60")

[node name="DinoApatos" parent="Visuals/Common/Dino" instance=ExtResource("5_tccji")]
transform = Transform3D(1, 0, 2.98023e-08, 0, 1, 0, -2.98023e-08, 0, 1, 0, 0, 0)

[node name="AnimationPlayer" type="AnimationPlayer" parent="Visuals/Common/Dino/DinoApatos"]
libraries = {
"DinoApato2AnimationLibrary": ExtResource("11_7735k")
}
autoplay = "DinoApato2AnimationLibrary/event"

[node name="Head" type="BoneAttachment3D" parent="Visuals/Common/Dino"]
transform = Transform3D(0.999979, -8.9407e-07, 0.00640272, 0.00640272, 0.000292879, -0.999979, -1.01328e-06, 1, 0.000292879, 1.33514e-05, 29.7625, 37.3079)
bone_name = "head"
bone_idx = 1
use_external_skeleton = true
external_skeleton = NodePath("../DinoApatos/DinoApatoRoot/GeneralSkeleton")

[node name="Grunt" type="AudioStreamPlayer3D" parent="Visuals/Common/Dino/Head"]
transform = Transform3D(1, -2.98023e-08, -4.65661e-10, 0, 1, -2.32831e-10, 0, 2.32831e-10, 1, 6.10352e-05, 4.99988, 0)
stream = ExtResource("18_ly4rc")
attenuation_model = 3
max_db = 0.0
max_distance = 200.0
bus = &"GAME SFX"

[node name="Trigger" type="Node3D" parent="." groups=["cull on complete"]]

[node name="Objects" type="Node3D" parent="Trigger"]

[node name="JumpPanelL" parent="Trigger/Objects" instance=ExtResource("6_wsjb6")]
transform = Transform3D(0.955278, 0, 0.295708, 0, 1, 0, -0.295708, 0, 0.955278, 12.793, -1.8, 34.97)
middleHeight = 10.0
finalHeight = 8.0
distance = 12.0

[node name="JumpPanelR" parent="Trigger/Objects" instance=ExtResource("6_wsjb6")]
transform = Transform3D(0.955278, 0, 0.295708, 0, 1, 0, -0.295708, 0, 0.955278, 8.87601, -1.8, 36.18)
middleHeight = 10.0
finalHeight = 8.0
distance = 12.0

[node name="Spring" parent="Trigger/Objects" instance=ExtResource("7_t54v7")]
transform = Transform3D(0.778364, -0.138854, -0.612266, 0, 0.975235, -0.221171, 0.627813, 0.172152, 0.759089, 21, 7.412, 110.713)
middleHeight = 18.0
finalHeight = 10.0
distance = 7.0
voiceKey = &""

[node name="Path" type="Node3D" parent="Trigger/Objects/Spring" node_paths=PackedStringArray("path")]
script = ExtResource("14_nk68g")
path = NodePath("../../../../Path/Island1Path")

[node name="BoatSection1" type="Node3D" parent="Trigger/Objects"]
transform = Transform3D(0.999999, 0, 0, 0, 1, 0, 0, 0, 0.999999, -40.58, -6, 147.5)

[node name="Boat" parent="Trigger/Objects/BoatSection1" node_paths=PackedStringArray("path") instance=ExtResource("10_0g3b7")]
transform = Transform3D(0.0871559, 0, -0.996195, 0, 1, 0, 0.996195, 0, 0.0871559, 0, 0, 0)
path = NodePath("../../../../Path/Boat1Path")

[node name="Start" parent="Trigger/Objects/BoatSection1" instance=ExtResource("11_3ntm7")]
transform = Transform3D(-0.055353, 0, -0.998467, 0, 1, 0, 0.998467, 0, -0.055353, 6.88427, 16.68, -0.108292)

[node name="JumpTrigger" type="Node3D" parent="Trigger/Objects/BoatSection1/Start"]
transform = Transform3D(0.99396, 0, 0.109752, 0, 1, 0, -0.109752, 0, 0.99396, 0.307922, -16.4123, 5.59959)
script = ExtResource("12_t28j3")
jumpHeight = 20.0
autoAlign = true
forceConsistentHeight = true

[node name="CollisionShape3D" type="CollisionShape3D" parent="Trigger/Objects/BoatSection1/Start"]
transform = Transform3D(1, 0, 0, 0, 1, 0, 0, 0, 1, 0, 8, 0)
shape = SubResource("23")

[node name="End" parent="Trigger/Objects/BoatSection1" instance=ExtResource("11_3ntm7")]
transform = Transform3D(0.943455, 0, -0.331503, 0, 1, 0, 0.331503, 0, 0.943455, -18.0939, 0.0300002, 63.2228)

[node name="JumpTrigger" type="Node3D" parent="Trigger/Objects/BoatSection1/End"]
transform = Transform3D(1, 0, 0, 0, 1, 0, 0, 0, 1, 0.105629, 3.77027, 3.76637)
script = ExtResource("12_t28j3")
jumpHeight = 2.0
forceConsistentHeight = true

[node name="Path" type="Node3D" parent="Trigger/Objects/BoatSection1/End/JumpTrigger" node_paths=PackedStringArray("path")]
script = ExtResource("14_nk68g")
path = NodePath("../../../../../../Path/Island2Path")

[node name="CollisionShape3D" type="CollisionShape3D" parent="Trigger/Objects/BoatSection1/End"]
transform = Transform3D(1, 0, 0, 0, 1, 0, 0, 0, 1, 0, 8, 0)
shape = SubResource("23")

[node name="FlyingPot" parent="Trigger/Objects/BoatSection1" instance=ExtResource("13_0pim3")]
transform = Transform3D(-0.730568, 0, 0.68284, 0, 1, 0, -0.68284, 0, -0.730568, -19.2578, 3.13, 66.804)
travelBounds = Vector2(2.5, 30)

[node name="SpringPath" type="Node3D" parent="Trigger/Objects"]
transform = Transform3D(1, 0, 0, 0, 1, 0, 0, 0, 1, -63.5, 16.3, 225.1)

[node name="Spring1" parent="Trigger/Objects/SpringPath" instance=ExtResource("7_t54v7")]
transform = Transform3D(0.747024, -0.575731, 0.332397, 0, 0.499998, 0.866027, -0.664797, -0.646942, 0.373511, -0.557281, 10.052, -3.07292)
middleHeight = 8.0
finalHeight = 10.0
distance = 27.0
voiceKey = &""

[node name="Spring2" parent="Trigger/Objects/SpringPath" instance=ExtResource("7_t54v7")]
transform = Transform3D(0.985426, 0.134906, -0.103618, 0.0418479, 0.398156, 0.916362, 0.164879, -0.907344, 0.386707, -18.2853, 19.6342, -23.1258)
middleHeight = 2.0
finalHeight = -6.0
distance = 44.0
voiceKey = &""

[node name="Spring3" parent="Trigger/Objects/SpringPath" instance=ExtResource("7_t54v7")]
transform = Transform3D(0.83508, 0.418437, -0.357143, 0.0418832, 0.598957, 0.799684, 0.548532, -0.682758, 0.482652, -11.7185, 13.9955, -66.0561)
middleHeight = 10.0
finalHeight = 5.8
distance = 49.2
voiceKey = &""

[node name="DoubleBoatSection" type="Node3D" parent="Trigger/Objects"]
transform = Transform3D(-0.939692, 0, 0.34202, 0, 1, 0, -0.34202, 0, -0.939692, -88.22, -6, 187.09)

[node name="Start2" parent="Trigger/Objects/DoubleBoatSection" instance=ExtResource("11_3ntm7")]
transform = Transform3D(0.983079, 0, 0.183184, 0, 1, 0, -0.183184, 0, 0.983079, -0.933994, 4.34, -10.9042)

[node name="JumpTrigger" type="Node3D" parent="Trigger/Objects/DoubleBoatSection/Start2"]
transform = Transform3D(0.984808, 0, -0.173648, 0, 1, 0, 0.173648, 0, 0.984808, -1.15895, -4.07984, 9.60896)
script = ExtResource("12_t28j3")
jumpHeight = 1.0

[node name="CollisionShape3D" type="CollisionShape3D" parent="Trigger/Objects/DoubleBoatSection/Start2"]
transform = Transform3D(1, 0, 0, 0, 1, 0, 0, 0, 1, 0, 8, 0)
shape = SubResource("23")

[node name="Boat2" parent="Trigger/Objects/DoubleBoatSection" node_paths=PackedStringArray("path") instance=ExtResource("10_0g3b7")]
transform = Transform3D(1, 0, 2.98023e-08, 0, 1, 0, -2.98023e-08, 0, 1, -0.299999, 0, 0)
path = NodePath("../../../../Path/Boat2Path")

[node name="Path" type="Node3D" parent="Trigger/Objects/DoubleBoatSection/Boat2" node_paths=PackedStringArray("path")]
script = ExtResource("14_nk68g")
path = NodePath("../../../../../Path/Boat2Path")

[node name="Start3" parent="Trigger/Objects/DoubleBoatSection" instance=ExtResource("11_3ntm7")]
transform = Transform3D(-0.973041, 0, -0.230633, 0, 1, 0, 0.230633, 0, -0.973041, 48.6431, 8.14, 122.67)

[node name="JumpTrigger" type="Node3D" parent="Trigger/Objects/DoubleBoatSection/Start3"]
transform = Transform3D(1, 0, 0, 0, 1, 0, 0, 0, 1, 4.95588, -9.61274, 0.834167)
script = ExtResource("12_t28j3")
jumpHeight = 1.0

[node name="CollisionShape3D" type="CollisionShape3D" parent="Trigger/Objects/DoubleBoatSection/Start3"]
transform = Transform3D(1, 0, 0, 0, 1, 0, 0, 0, 1, 0, 8, 0)
shape = SubResource("23")

[node name="Boat3" parent="Trigger/Objects/DoubleBoatSection" node_paths=PackedStringArray("path") instance=ExtResource("10_0g3b7")]
transform = Transform3D(-0.984807, 0, -0.173648, 0, 1, 0, 0.173648, 0, -0.984807, 47.2927, 0, 114.937)
path = NodePath("../../../../Path/Boat3Path")

[node name="Path" type="Node3D" parent="Trigger/Objects/DoubleBoatSection/Boat3" node_paths=PackedStringArray("path")]
transform = Transform3D(-0.984809, 0, 0.173648, 0, 1, 0, -0.173648, 0, -0.984809, 26.9111, 0, 121.455)
script = ExtResource("14_nk68g")
path = NodePath("../../../../../Path/Boat3Path")

[node name="End" parent="Trigger/Objects/DoubleBoatSection" instance=ExtResource("11_3ntm7")]
transform = Transform3D(-0.474093, 0, 0.880475, 0, 1, 0, -0.880475, 0, -0.474093, 77.5814, 0.0999999, 58.9539)
"Enter Mode" = 0

[node name="Jump" type="Node3D" parent="Trigger/Objects/DoubleBoatSection/End"]
transform = Transform3D(0.998141, 0, 0.0609441, 0, 1, 0, -0.0609441, 0, 0.998141, 0.30159, 3.905, 10.9033)
script = ExtResource("12_t28j3")
jumpHeight = 4.0
autoAlign = true
forceConsistentHeight = true

[node name="Path" type="Node3D" parent="Trigger/Objects/DoubleBoatSection/End/Jump" node_paths=PackedStringArray("path")]
transform = Transform3D(1, 0, -2.23517e-08, 0, 1, 0, 2.23517e-08, 0, 1, 2.8877, -1.38519, 1.33322)
script = ExtResource("14_nk68g")
path = NodePath("../../../../../../Path/Island3Path")

[node name="CollisionShape3D" type="CollisionShape3D" parent="Trigger/Objects/DoubleBoatSection/End"]
transform = Transform3D(1, 0, 1.49012e-08, 0, 1, 0, -1.49012e-08, 0, 1, 0, 8, 0)
shape = SubResource("23")

[node name="Spring" parent="Trigger/Objects/DoubleBoatSection" instance=ExtResource("7_t54v7")]
transform = Transform3D(0.819156, 0, 0.573572, 0, 1, 0, -0.573572, 0, 0.819156, 112.923, 4.501, 49.032)
middleHeight = 10.0
finalHeight = 10.0
voiceKey = &""

[node name="BoatSection3" type="Node3D" parent="Trigger/Objects"]
transform = Transform3D(-0.615661, 0, 0.788011, 0, 1, 0, -0.788011, 0, -0.615661, -149.111, -6, 40.8708)

[node name="Boat" parent="Trigger/Objects/BoatSection3" node_paths=PackedStringArray("path") instance=ExtResource("10_0g3b7")]
path = NodePath("../../../../Path/Boat4Path")

[node name="Start" parent="Trigger/Objects/BoatSection3" instance=ExtResource("11_3ntm7")]
transform = Transform3D(0.995671, 0, 0.0929433, 0, 1, 0, -0.0929433, 0, 0.995671, -0.669189, 11.94, -10.5017)

[node name="JumpTrigger" type="Node3D" parent="Trigger/Objects/BoatSection3/Start"]
transform = Transform3D(0.998149, 0, -0.0608222, 0, 1, 0, 0.0608222, 0, 0.998149, -0.212311, -11.685, 9.31224)
script = ExtResource("12_t28j3")
jumpHeight = 1.0

[node name="CollisionShape3D" type="CollisionShape3D" parent="Trigger/Objects/BoatSection3/Start"]
transform = Transform3D(1, 0, 0, 0, 1, 0, 0, 0, 1, 0, 8, 0)
shape = SubResource("23")

[node name="EndR" parent="Trigger/Objects/BoatSection3" instance=ExtResource("11_3ntm7")]
transform = Transform3D(-0.896225, 0, 0.443598, 0, 1, 0, -0.443598, 0, -0.896225, 54.263, 0, 20.256)

[node name="JumpTrigger" type="Node3D" parent="Trigger/Objects/BoatSection3/EndR"]
transform = Transform3D(-0.402491, 0, -0.915424, 0, 1, 0, 0.915424, 0, -0.402491, -7.48108, 3.91687, -0.307922)
script = ExtResource("12_t28j3")
jumpHeight = 3.0
autoAlign = true
forceConsistentHeight = true

[node name="Path" type="Node3D" parent="Trigger/Objects/BoatSection3/EndR/JumpTrigger" node_paths=PackedStringArray("path")]
script = ExtResource("14_nk68g")
path = NodePath("../../../../../../Path/RightPath")

[node name="CollisionShape3D" type="CollisionShape3D" parent="Trigger/Objects/BoatSection3/EndR"]
transform = Transform3D(0.819152, 0, -0.573578, 0, 1, 0, 0.573578, 0, 0.819152, -2.306, 0, 1.562)
shape = SubResource("92")

[node name="EndL" parent="Trigger/Objects/BoatSection3" instance=ExtResource("11_3ntm7")]
transform = Transform3D(-0.150679, 0, 0.988582, 0, 1, 0, -0.988582, 0, -0.150679, 63.293, 0, 13.733)

[node name="JumpTrigger" type="Node3D" parent="Trigger/Objects/BoatSection3/EndL"]
transform = Transform3D(1, 0, -5.96046e-08, 0, 1, 0, 5.96046e-08, 0, 1, -10.3997, 3.91688, 1.53094)
script = ExtResource("12_t28j3")
jumpHeight = 3.0
autoAlign = true
forceConsistentHeight = true

[node name="Path" type="Node3D" parent="Trigger/Objects/BoatSection3/EndL/JumpTrigger" node_paths=PackedStringArray("path")]
script = ExtResource("14_nk68g")
path = NodePath("../../../../../../Path/LeftPath")

[node name="CollisionShape3D" type="CollisionShape3D" parent="Trigger/Objects/BoatSection3/EndL"]
transform = Transform3D(0.955165, 0, -0.296079, 0, 1, 0, 0.296079, 0, 0.955165, -5.504, 0, 5.241)
shape = SubResource("92")

[node name="Triggers" type="Node3D" parent="Trigger"]
visible = false

[node name="Lilypads" parent="Trigger/Triggers" instance=ExtResource("11_3ntm7")]
transform = Transform3D(1, 0, 0, 0, 1, 0, 0, 0, 1, 13.731, 10.167, 43.762)
"Trigger Mode" = 2
"Exit Mode" = 2

[node name="Camera" type="Node3D" parent="Trigger/Triggers/Lilypads"]
script = ExtResource("8_srgif")

[node name="CollisionShape3D" type="CollisionShape3D" parent="Trigger/Triggers/Lilypads"]
transform = Transform3D(1, 0, 0, 0, 1, 0, 0, 0, 1, 0.133894, 0, 0)
shape = SubResource("27")

[node name="Waterfall" parent="Trigger/Triggers" instance=ExtResource("11_3ntm7")]
transform = Transform3D(1, 0, 0, 0, 1, 0, 0, 0, 1, 11.815, 19.049, 120.856)
"Trigger Mode" = 2
"Exit Mode" = 2

[node name="Camera" type="Node3D" parent="Trigger/Triggers/Waterfall"]
script = ExtResource("8_srgif")

[node name="CollisionShape3D" type="CollisionShape3D" parent="Trigger/Triggers/Waterfall"]
shape = SubResource("27")

[node name="Waterfall2" parent="Trigger/Triggers" instance=ExtResource("11_3ntm7")]
transform = Transform3D(0.906307, 0, 0.422619, 0, 1, 0, -0.422619, 0, 0.906307, -17.7306, 14.338, 145.282)

[node name="Camera3D" type="Node3D" parent="Trigger/Triggers/Waterfall2"]
script = ExtResource("8_srgif")

[node name="CollisionShape3D" type="CollisionShape3D" parent="Trigger/Triggers/Waterfall2"]
transform = Transform3D(1, 0, -2.98023e-08, 0, 1, 0, 2.98023e-08, 0, 1, 0, 0, 0)
shape = SubResource("28")

[node name="PotCorner" parent="Trigger/Triggers" instance=ExtResource("11_3ntm7")]
transform = Transform3D(0.68624, 0, -0.727375, 0, 1, 0, 0.727375, 0, 0.68624, -67.0516, 17.688, 221.486)
"Trigger Mode" = 2
"Exit Mode" = 2

[node name="Camera3D" type="Node3D" parent="Trigger/Triggers/PotCorner"]
script = ExtResource("8_srgif")

[node name="CollisionShape3D" type="CollisionShape3D" parent="Trigger/Triggers/PotCorner"]
transform = Transform3D(1, 0, 0, 0, 1, 0, 0, 0, 1, 0, 7.385, 0)
shape = SubResource("67")

[node name="CollisionShape2" type="CollisionShape3D" parent="Trigger/Triggers/PotCorner"]
transform = Transform3D(0.766044, 0, -0.642789, 0, 1, 0, 0.642789, 0, 0.766044, -30.3568, -10.441, 5.83441)
shape = SubResource("62")

[node name="PotCliff" parent="Trigger/Triggers" instance=ExtResource("11_3ntm7")]
transform = Transform3D(0.727373, 0, -0.686243, 0, 1, 0, 0.686243, 0, 0.727373, -86.3081, 6.917, 218.001)

[node name="Camera3D" type="Node3D" parent="Trigger/Triggers/PotCliff"]
script = ExtResource("8_srgif")

[node name="CollisionShape3D" type="CollisionShape3D" parent="Trigger/Triggers/PotCliff"]
shape = SubResource("63")

[node name="Cavern" parent="Trigger/Triggers" instance=ExtResource("11_3ntm7")]
transform = Transform3D(0.573575, -8.83923e-09, -0.819153, 5.8097e-09, 1, -6.72271e-09, 0.819153, -9.03053e-10, 0.573575, -101.864, 1.258, 135.592)
"Trigger Mode" = 2
"Exit Mode" = 2

[node name="Camera3D" type="Node3D" parent="Trigger/Triggers/Cavern"]
script = ExtResource("8_srgif")

[node name="CollisionShape3D" type="CollisionShape3D" parent="Trigger/Triggers/Cavern"]
shape = SubResource("64")

[node name="SpringTurn" parent="Trigger/Triggers" instance=ExtResource("11_3ntm7")]
transform = Transform3D(0.573575, -8.83923e-09, -0.819153, 5.8097e-09, 1, -6.72271e-09, 0.819153, -9.03053e-10, 0.573575, -151.833, 1.258, 107.145)

[node name="Camera3D" type="Node3D" parent="Trigger/Triggers/SpringTurn"]
script = ExtResource("8_srgif")

[node name="CollisionShape3D" type="CollisionShape3D" parent="Trigger/Triggers/SpringTurn"]
shape = SubResource("65")

[node name="SpringStraight" parent="Trigger/Triggers" instance=ExtResource("11_3ntm7")]
transform = Transform3D(0.573575, -8.83923e-09, -0.819153, 5.8097e-09, 1, -6.72271e-09, 0.819153, -9.03053e-10, 0.573575, -179.31, 9.801, 94.8859)

[node name="Camera3D" type="Node3D" parent="Trigger/Triggers/SpringStraight"]
transform = Transform3D(1, 2.22045e-16, 2.98023e-08, -5.55112e-16, 1, 5.55112e-16, -2.98023e-08, 5.55112e-17, 1, 0, 0, 0)
script = ExtResource("8_srgif")

[node name="CollisionShape3D" type="CollisionShape3D" parent="Trigger/Triggers/SpringStraight"]
shape = SubResource("65")

[node name="SplitMainPath" parent="Trigger/Triggers" instance=ExtResource("11_3ntm7")]
transform = Transform3D(-0.809232, 0, -0.58749, 0, 1, 0, 0.58749, 0, -0.809232, -151.509, -0.950988, -47.7019)

[node name="PathChanger" type="Node3D" parent="Trigger/Triggers/SplitMainPath" node_paths=PackedStringArray("path")]
script = ExtResource("14_nk68g")
path = NodePath("../../../../Path/LeftPath")

[node name="CollisionShape3D" type="CollisionShape3D" parent="Trigger/Triggers/SplitMainPath"]
shape = SubResource("48")

[node name="CollisionShape2" type="CollisionShape3D" parent="Trigger/Triggers/SplitMainPath"]
transform = Transform3D(0.957989, -3.18065e-09, 0.286804, 2.44372e-09, 1, 2.92741e-09, -0.286804, -2.10356e-09, 0.957989, 3.90067, 11.505, 4.63054)
shape = SubResource("54")

[node name="SplitRightPath" parent="Trigger/Triggers" instance=ExtResource("11_3ntm7")]
transform = Transform3D(-0.852324, 0, -0.523014, 0, 1, 0, 0.523014, 0, -0.852324, -163.633, 6.04701, -23.9871)

[node name="PathChanger" type="Node3D" parent="Trigger/Triggers/SplitRightPath" node_paths=PackedStringArray("path")]
script = ExtResource("14_nk68g")
path = NodePath("../../../../Path/RightPath")

[node name="CollisionShape3D" type="CollisionShape3D" parent="Trigger/Triggers/SplitRightPath"]
shape = SubResource("59")

[node name="SplitCamera" parent="Trigger/Triggers" instance=ExtResource("11_3ntm7")]
transform = Transform3D(-0.836752, 0, -0.547582, 0, 1, 0, 0.547582, 0, -0.836752, -168.341, 14.338, -28.4328)

[node name="Camera3D" type="Node3D" parent="Trigger/Triggers/SplitCamera"]
script = ExtResource("8_srgif")

[node name="CollisionShape3D" type="CollisionShape3D" parent="Trigger/Triggers/SplitCamera"]
shape = SubResource("49")

[node name="SplitCameraMain" parent="Trigger/Triggers" instance=ExtResource("11_3ntm7")]
transform = Transform3D(-0.622041, 0, -0.782985, 0, 1, 0, 0.782985, 0, -0.622041, -154.978, 14.338, -47.1407)
"Trigger Mode" = 2
"Exit Mode" = 2

[node name="Camera3D" type="Node3D" parent="Trigger/Triggers/SplitCameraMain"]
script = ExtResource("8_srgif")

[node name="CollisionShape3D" type="CollisionShape3D" parent="Trigger/Triggers/SplitCameraMain"]
shape = SubResource("50")

[node name="SplitRight" parent="Trigger/Triggers" instance=ExtResource("11_3ntm7")]
transform = Transform3D(-0.803497, 0, -0.595309, 0, 1, 0, 0.595309, 0, -0.803497, -152.883, 14.338, -30.9404)
"Trigger Mode" = 2
"Exit Mode" = 2

[node name="Camera3D" type="Node3D" parent="Trigger/Triggers/SplitRight"]
script = ExtResource("8_srgif")

[node name="CollisionShape3D" type="CollisionShape3D" parent="Trigger/Triggers/SplitRight"]
shape = SubResource("51")

[node name="SplitCameraLotusPath" parent="Trigger/Triggers" instance=ExtResource("11_3ntm7")]
transform = Transform3D(-0.803497, 0, -0.595309, 0, 1, 0, 0.595309, 0, -0.803497, -138.222, 14.338, -42.4414)

[node name="Camera3D" type="Node3D" parent="Trigger/Triggers/SplitCameraLotusPath"]
script = ExtResource("8_srgif")

[node name="CollisionShape3D" type="CollisionShape3D" parent="Trigger/Triggers/SplitCameraLotusPath"]
transform = Transform3D(1, 0, 0, 0, 1, 0, 0, 0, 1, 10.225, 0, -1.52588e-05)
shape = SubResource("52")

[node name="WaterTrigger" parent="Trigger/Triggers" instance=ExtResource("11_3ntm7")]
transform = Transform3D(1, 0, 0, 0, 1, 0, 0, 0, 1, -79.02, -16, -54.61)

[node name="DeathTrigger" type="Node3D" parent="Trigger/Triggers/WaterTrigger"]
script = ExtResource("28_kp8ug")
triggerType = 1

[node name="CollisionShape3D" type="CollisionShape3D" parent="Trigger/Triggers/WaterTrigger"]
shape = SubResource("19")

[node name="Path" type="Node3D" parent="."]

[node name="LeftPath" type="Path3D" parent="Path"]
transform = Transform3D(1, 0, 0, 0, 1, 0, 0, 0, 1, -187, -2, -8)
curve = ExtResource("26_7ndlt")

[node name="RightPath" type="Path3D" parent="Path"]
transform = Transform3D(1, 0, 0, 0, 1, 0, 0, 0, 1, -170.51, -2, -19.551)
curve = ExtResource("33_quywa")

[node name="Island1Path" type="Path3D" parent="Path"]
transform = Transform3D(1, 0, 0, 0, 1, 0, 0, 0, 1, 20.2, 10.665, 112.126)
curve = ExtResource("28_ffyye")

[node name="Island2Path" type="Path3D" parent="Path"]
transform = Transform3D(1, 0, 0, 0, 1, 0, 0, 0, 1, -57.328, -1.639, 203.815)
curve = ExtResource("29_6kh3l")

[node name="Island3Path" type="Path3D" parent="Path"]
transform = Transform3D(1, 0, 0, 0, 1, 0, 0, 0, 1, -146.477, -1.996, 106)
curve = ExtResource("30_1ygta")

[node name="Boat1Path" type="Path3D" parent="Path"]
transform = Transform3D(1, 0, 0, 0, 1, 0, 0, 0, 1, -25.64, -5.997, 147.775)
curve = ExtResource("28_2tep1")

[node name="Boat2Path" type="Path3D" parent="Path"]
transform = Transform3D(1, 0, 0, 0, 1, 0, 0, 0, 1, -91.761, -6, 201.347)
curve = ExtResource("29_op4b4")

[node name="Boat3Path" type="Path3D" parent="Path"]
transform = Transform3D(1, 0, 0, 0, 1, 0, 0, 0, 1, -91.297, -6, 51.327)
curve = ExtResource("30_gs7yc")

[node name="Boat4Path" type="Path3D" parent="Path"]
transform = Transform3D(1, 0, 0, 0, 1, 0, 0, 0, 1, -157.685, -6, 48.511)
curve = ExtResource("31_hajvb")

