[gd_scene load_steps=3 format=3 uid="uid://mcdscyg16ic2"]

[ext_resource type="PackedScene" uid="uid://bwb637tks5nd3" path="res://area/5 pirate storm/object/model/CrowGroup.gltf" id="1_1reku"]
[ext_resource type="PackedScene" uid="uid://dlri5wr22bgef" path="res://area/5 pirate storm/object/Crow.tscn" id="2_aocmw"]

[node name="CrowGroup" instance=ExtResource("1_1reku")]

[node name="Skeleton3D" parent="CrowRoot" index="0"]
bones/1/rotation = Quaternion(0, -0.0697558, 0, 0.997564)
bones/2/position = Vector3(-2.16283, 21.1566, -75.1832)
bones/3/rotation = Quaternion(0, -0.00725597, 0, 0.999974)
bones/4/position = Vector3(-1.90637, 0.197809, -94.4424)
bones/5/rotation = Quaternion(0, -0.0914368, 0, 0.995811)
bones/6/position = Vector3(-0.0263075, 21.1566, -74.4068)
bones/7/rotation = Quaternion(0, -0.232583, 0, 0.972577)
bones/8/position = Vector3(-1.41173, 0.197789, 44.0295)
bones/9/rotation = Quaternion(0, -0.00725606, 0, 0.999974)
bones/10/position = Vector3(0.0101604, 0.173164, 68.1935)
bones/11/rotation = Quaternion(0, -0.0697558, 0, 0.997564)
bones/12/position = Vector3(-2.16277, 21.1567, -75.1832)
bones/13/rotation = Quaternion(0, -0.00725597, 0, 0.999974)
bones/14/position = Vector3(-1.90638, 0.19779, -94.4425)
bones/15/rotation = Quaternion(0, -0.0914368, 0, 0.995811)
bones/16/position = Vector3(-0.02632, 21.1567, -74.4068)
bones/17/rotation = Quaternion(0, -0.232583, 0, 0.972577)
bones/18/position = Vector3(-1.41174, 0.197804, 44.0295)
bones/19/rotation = Quaternion(0, -0.00725606, 0, 0.999974)
bones/20/position = Vector3(0.0101923, 0.173159, 68.1935)

[node name="Crow1" type="BoneAttachment3D" parent="CrowRoot/Skeleton3D" index="0"]
transform = Transform3D(0.139177, 6.87592e-09, 0.990268, -3.77952e-10, 1, -6.89038e-09, -0.990268, 5.84706e-10, 0.139177, 60.2979, 82.4928, -442.437)
bone_name = "crow1_follow"
bone_idx = 16

[node name="Crow" parent="CrowRoot/Skeleton3D/Crow1" index="0" instance=ExtResource("2_aocmw")]

[node name="Crow2" type="BoneAttachment3D" parent="CrowRoot/Skeleton3D" index="1"]
transform = Transform3D(0.452401, 2.6265e-10, 0.891815, 3.22629e-08, 1, -1.66608e-08, -0.891815, 3.63099e-08, 0.452401, 35.7571, 103.187, -334.446)
bone_name = "crow2_follow"
bone_idx = 18

[node name="Crow" parent="CrowRoot/Skeleton3D/Crow2" index="0" instance=ExtResource("2_aocmw")]

[node name="Crow3" type="BoneAttachment3D" parent="CrowRoot/Skeleton3D" index="2"]
transform = Transform3D(0.0144929, 5.6007e-10, 0.999895, -6.43304e-10, 1, -5.50804e-10, -0.999895, -6.35239e-10, 0.0144929, 205.846, 75.2987, -184.03)
bone_name = "crow3_follow"
bone_idx = 20

[node name="Crow" parent="CrowRoot/Skeleton3D/Crow3" index="0" instance=ExtResource("2_aocmw")]

[node name="Crow4" type="BoneAttachment3D" parent="CrowRoot/Skeleton3D" index="3"]
transform = Transform3D(0.139142, 3.74265e-09, 0.990272, -1.0774e-10, 1, -3.76428e-09, -0.990272, 4.17074e-10, 0.139142, 268.955, 96.4333, -321.99)
bone_name = "crow4_follow"
bone_idx = 12

[node name="Crow" parent="CrowRoot/Skeleton3D/Crow4" index="0" instance=ExtResource("2_aocmw")]

[node name="Crow5" type="BoneAttachment3D" parent="CrowRoot/Skeleton3D" index="4"]
transform = Transform3D(0.0145119, 1.17208e-09, 0.999894, 6.82824e-10, 1, -1.18212e-09, -0.999894, 6.9992e-10, 0.0145119, 418.845, 112.948, -305.397)
bone_name = "crow5_follow"
bone_idx = 14

[node name="Crow" parent="CrowRoot/Skeleton3D/Crow5" index="0" instance=ExtResource("2_aocmw")]

[node name="Crow6" type="BoneAttachment3D" parent="CrowRoot/Skeleton3D" index="5"]
transform = Transform3D(0.0145087, 1.17208e-09, 0.999895, 6.82832e-10, 1, -1.18211e-09, -0.999895, 6.99934e-10, 0.0145087, 309.199, 89.7733, 250.656)
bone_name = "crow6_follow"
bone_idx = 4

[node name="Crow" parent="CrowRoot/Skeleton3D/Crow6" index="0" instance=ExtResource("2_aocmw")]

[node name="Crow7" type="BoneAttachment3D" parent="CrowRoot/Skeleton3D" index="6"]
transform = Transform3D(0.139191, 3.74266e-09, 0.990265, -1.07924e-10, 1, -3.76428e-09, -0.990265, 4.17074e-10, 0.139191, 273.334, 93.1928, 235.635)
bone_name = "crow7_follow"
bone_idx = 2

[node name="Crow" parent="CrowRoot/Skeleton3D/Crow7" index="0" instance=ExtResource("2_aocmw")]

[node name="Crow8" type="BoneAttachment3D" parent="CrowRoot/Skeleton3D" index="7"]
transform = Transform3D(0.0144917, 5.60011e-10, 0.999895, -6.36568e-10, 1, -5.50845e-10, -0.999895, -6.28503e-10, 0.0144917, 221.193, 105.147, 389.445)
bone_name = "crow8_follow"
bone_idx = 10

[node name="Crow" parent="CrowRoot/Skeleton3D/Crow8" index="0" instance=ExtResource("2_aocmw")]

[node name="Crow9" type="BoneAttachment3D" parent="CrowRoot/Skeleton3D" index="8"]
transform = Transform3D(0.139155, 6.87594e-09, 0.990271, -3.77796e-10, 1, -6.89041e-09, -0.990271, 5.84727e-10, 0.139155, 64.6766, 79.2522, 122.129)
bone_name = "crow9_follow"
bone_idx = 6

[node name="Crow" parent="CrowRoot/Skeleton3D/Crow9" index="0" instance=ExtResource("2_aocmw")]

[node name="Crow10" type="BoneAttachment3D" parent="CrowRoot/Skeleton3D" index="9"]
transform = Transform3D(0.452405, 2.62656e-10, 0.891813, 3.22628e-08, 1, -1.6661e-08, -0.891813, 3.63099e-08, 0.452405, 40.1358, 89.7733, 223.179)
bone_name = "crow10_follow"
bone_idx = 8

[node name="Crow" parent="CrowRoot/Skeleton3D/Crow10" index="0" instance=ExtResource("2_aocmw")]

[node name="AnimationPlayer" parent="." index="1"]
autoplay = "crows"
