[gd_scene load_steps=53 format=3 uid="uid://tomoh11jttkl"]

[ext_resource type="PackedScene" uid="uid://bm61nw4o1jcrb" path="res://area/4 levitated ruin/act 1/Static.tscn" id="1_jeukd"]
[ext_resource type="Resource" uid="uid://4u4smu0br2v8" path="res://resource/level data/levitated ruin/Act1Main.tres" id="2_5dvfu"]
[ext_resource type="PackedScene" uid="uid://cjupypih0myxo" path="res://object/player/CharacterSpawn.tscn" id="2_065fl"]
[ext_resource type="Script" path="res://object/trigger/modules/CullingTrigger.cs" id="4_4rpxf"]
[ext_resource type="PackedScene" uid="uid://87lgwwefd4g4" path="res://object/stage/common/JumpPanel.tscn" id="5_2txni"]
[ext_resource type="PackedScene" uid="uid://bn6wr6l8s3qyt" path="res://object/trigger/StageTrigger.tscn" id="5_yejv7"]
[ext_resource type="PackedScene" uid="uid://bcsww42lqxn6w" path="res://object/stage/common/LaunchRing.tscn" id="6_s2poe"]
[ext_resource type="PackedScene" uid="uid://db770ujvjdio4" path="res://object/stage/common/LaunchRingSpike.tscn" id="7_txkek"]
[ext_resource type="PackedScene" uid="uid://cfcqcvct272ct" path="res://area/4 levitated ruin/object/platform/SquarePillarFly.tscn" id="7_x6tsb"]
[ext_resource type="PackedScene" uid="uid://x3scwb5r13dw" path="res://area/4 levitated ruin/object/platform/GrindPillarFly.tscn" id="8_6mhfy"]
[ext_resource type="PackedScene" uid="uid://bhnh1as6xgpiy" path="res://object/stage/common/DashPanel.tscn" id="8_qbwj7"]
[ext_resource type="Script" path="res://object/trigger/modules/CameraTrigger.cs" id="8_xcxgd"]
[ext_resource type="Resource" uid="uid://jvsbdfsrni4p" path="res://area/4 levitated ruin/act 1/camera/main/LaunchRing1Cam.tres" id="9_b6tta"]
[ext_resource type="Script" path="res://object/trigger/modules/PathTrigger.cs" id="9_kt1ho"]
[ext_resource type="Script" path="res://addons/custom_nodes/script/ObjectGenerator.cs" id="9_v4ux6"]
[ext_resource type="PackedScene" uid="uid://c7l8mr7ubn848" path="res://object/stage/pickups/Ring.tscn" id="10_250we"]
[ext_resource type="PackedScene" uid="uid://cggks1kly71mq" path="res://object/enemy/majin/data/levitated ruin/BlueMajin.tscn" id="11_427b8"]
[ext_resource type="Resource" uid="uid://b3h54r5awfek0" path="res://area/4 levitated ruin/act 1/camera/Rukh2PreviewCam.tres" id="11_kaap7"]
[ext_resource type="PackedScene" uid="uid://ci8d3jdqrc0nr" path="res://area/4 levitated ruin/object/special/Ivy.tscn" id="13_xqwht"]
[ext_resource type="PackedScene" uid="uid://01vxs3in41h" path="res://area/4 levitated ruin/object/special/Zipline.tscn" id="14_ym4ng"]
[ext_resource type="Script" path="res://object/trigger/modules/LockoutTrigger.cs" id="15_a5o6r"]
[ext_resource type="PackedScene" uid="uid://o3wp38uypn2q" path="res://area/4 levitated ruin/object/platform/GrindPillarStatic.tscn" id="15_oja87"]
[ext_resource type="PackedScene" uid="uid://b8m1x0tudbcbd" path="res://object/stage/common/Spring.tscn" id="15_q7qwf"]
[ext_resource type="Resource" uid="uid://38s0wkpi5mlf" path="res://resource/preset/lockout/run/RecenterLockout.tres" id="16_4h2cm"]
[ext_resource type="PackedScene" uid="uid://caoftgb3g6qwh" path="res://area/4 levitated ruin/object/grindrail/Grindrail02.tscn" id="16_8bsas"]
[ext_resource type="PackedScene" uid="uid://bqvtcp8tkbfyt" path="res://object/stage/common/SpikeBall.tscn" id="16_8guxi"]
[ext_resource type="PackedScene" uid="uid://bxvbg3oku2gpf" path="res://area/4 levitated ruin/object/Gate.tscn" id="16_cr60c"]
[ext_resource type="PackedScene" uid="uid://b1xkgmh63vq3j" path="res://area/4 levitated ruin/object/grindrail/Grindrail01.tscn" id="17_8qnjt"]
[ext_resource type="PackedScene" uid="uid://bsoom6k2m0r83" path="res://area/4 levitated ruin/object/platform/RoundPillarStatic.tscn" id="18_3nm5m"]
[ext_resource type="PackedScene" uid="uid://b0uekqdfkbg6h" path="res://object/stage/common/ItemBox.tscn" id="18_6xh0d"]
[ext_resource type="PackedScene" uid="uid://b6030p0x15kq0" path="res://area/4 levitated ruin/object/platform/GargoyleStatic.tscn" id="18_7b7on"]
[ext_resource type="PackedScene" uid="uid://bbgtmxw55soah" path="res://object/stage/destructable/Stone.tscn" id="18_rpxg1"]
[ext_resource type="PackedScene" uid="uid://cx36fswvjfblm" path="res://object/stage/destructable/EnemyStone.tscn" id="18_w6abm"]
[ext_resource type="PackedScene" uid="uid://b2jsh7hensgem" path="res://object/enemy/gargoyle/Gargoyle.tscn" id="19_78g2p"]
[ext_resource type="PackedScene" uid="uid://diq31c5i622qs" path="res://area/4 levitated ruin/object/platform/GargoylePatform.tscn" id="19_efhpe"]
[ext_resource type="PackedScene" uid="uid://68st06xyjgvp" path="res://object/stage/pickups/RichRing.tscn" id="19_tcciv"]
[ext_resource type="PackedScene" uid="uid://dxepb172kmp8n" path="res://object/stage/common/Goal.tscn" id="23_iw0rv"]
[ext_resource type="Script" path="res://object/trigger/StageTrigger.cs" id="27_1gmoh"]
[ext_resource type="PackedScene" uid="uid://c85xw5ix60fe8" path="res://object/stage/common/Switch.tscn" id="27_lcrpn"]
[ext_resource type="PackedScene" uid="uid://v2hbw6y70jr3" path="res://object/stage/pickups/RichPearl.tscn" id="28_g0j2g"]
[ext_resource type="PackedScene" uid="uid://xeuluo21g3tw" path="res://object/stage/common/SpikePanel.tscn" id="29_w4hsv"]
[ext_resource type="PackedScene" uid="uid://bmsfpsjjdiitu" path="res://area/4 levitated ruin/object/WindTrigger.tscn" id="31_jvmbg"]
[ext_resource type="PackedScene" uid="uid://y7w1jrfgsii7" path="res://object/enemy/majin/data/levitated ruin/GreenMajin.tscn" id="31_ueb1o"]
[ext_resource type="PackedScene" uid="uid://d0b2gvx7s6s8u" path="res://object/stage/pickups/Pearl.tscn" id="32_p08w8"]
[ext_resource type="PackedScene" uid="uid://dopa8mdu5d47j" path="res://area/4 levitated ruin/object/platform/RoundPillarFly.tscn" id="33_0ylmb"]
[ext_resource type="PackedScene" uid="uid://h1nyheprfepp" path="res://area/4 levitated ruin/object/grindrail/Grindrail03.tscn" id="34_35j7t"]
[ext_resource type="PackedScene" uid="uid://cu6lpq7q82grk" path="res://object/stage/pickups/FireSoul.tscn" id="37_65231"]
[ext_resource type="PackedScene" uid="uid://b724x1op3kfpc" path="res://object/enemy/majin/data/levitated ruin/RedMajin.tscn" id="40_chfyb"]
[ext_resource type="PackedScene" uid="uid://dk16orwwj2o0" path="res://area/4 levitated ruin/object/platform/SquarePillarStatic.tscn" id="50_iy6ic"]

[sub_resource type="BoxShape3D" id="BoxShape3D_ypvwq"]
size = Vector3(20, 40, 2.5)

[sub_resource type="Curve3D" id="Curve3D_xwhik"]
_data = {
"points": PackedVector3Array(0, 0, 0, 0, 0, 0, 0, 0, 0, 0, 0, 0, 0, 0, 0, 0, 8.5, 97),
"tilts": PackedFloat32Array(0, 0)
}
point_count = 2

[sub_resource type="BoxShape3D" id="BoxShape3D_x4cke"]
size = Vector3(10, 20, 30)

[node name="Stage" type="Node"]

[node name="Static" parent="." instance=ExtResource("1_jeukd")]
Data = ExtResource("2_5dvfu")

[node name="PathFollow3D" type="PathFollow3D" parent="Static/Paths/SkyroadPaths/SkyRoad2" index="0"]
transform = Transform3D(-0.348564, 0.517361, -0.78156, 0.892278, 0.43844, -0.107712, 0.286942, -0.734912, -0.614461, 284.854, -20.2045, -6.04835)
progress = 445.136

[node name="SkyRings7" type="Node3D" parent="Static/Paths/SkyroadPaths/SkyRoad2/PathFollow3D"]
transform = Transform3D(1, -1.04308e-07, 4.47035e-08, -1.49012e-08, 1, -1.19209e-07, 7.45058e-08, -2.98023e-08, 1, 0.523682, 0.133545, 0.0110474)
script = ExtResource("9_v4ux6")
Generate = false
Source = ExtResource("10_250we")
Amount = 3
Shape = 2
Path = NodePath("../..")
"Path Progress Offset" = 0.0
"Disable Path Y" = false
Spacing = 2.2
"Horizontal Offset" = null
"Vertical Offset" = null

[node name="Child01" parent="Static/Paths/SkyroadPaths/SkyRoad2/PathFollow3D/SkyRings7" instance=ExtResource("10_250we")]
transform = Transform3D(1, 1.49012e-08, 2.98023e-08, 0, 1, 0, -1.49012e-08, 2.98023e-08, 1, 0, -0.00012207, -0.00170898)

[node name="Child02" parent="Static/Paths/SkyroadPaths/SkyRoad2/PathFollow3D/SkyRings7" instance=ExtResource("10_250we")]
transform = Transform3D(1, 1.49012e-08, 2.98023e-08, 0, 1, 0, -1.49012e-08, 2.98023e-08, 1, 0.0499268, 0.298462, -2.10938)

[node name="Child03" parent="Static/Paths/SkyroadPaths/SkyRoad2/PathFollow3D/SkyRings7" instance=ExtResource("10_250we")]
transform = Transform3D(1, 1.49012e-08, 2.98023e-08, 0, 1, 0, -1.49012e-08, 2.98023e-08, 1, 0.102051, 0.877075, -4.21857)

[node name="MainAct" type="Node3D" parent="."]

[node name="SpawnPosition" type="Node3D" parent="MainAct"]
metadata/_edit_lock_ = true

[node name="CharacterSpawn" parent="MainAct/SpawnPosition" instance=ExtResource("2_065fl")]

[node name="CullingTrigger" type="Node3D" parent="MainAct"]

[node name="Tower" parent="MainAct/CullingTrigger" instance=ExtResource("5_yejv7")]
transform = Transform3D(-0.258819, 0.25, 0.933013, -7.45058e-09, 0.965926, -0.258819, -0.965926, -0.0669873, -0.25, 241.9, -4.38637, -1069.97)
"Trigger Mode" = 2
"Exit Mode" = 2

[node name="CollisionShape3D" type="CollisionShape3D" parent="MainAct/CullingTrigger/Tower"]
transform = Transform3D(1, 0, 0, 0, 1, 0, 0, 0, 1, 0, 8, 0)
shape = SubResource("BoxShape3D_ypvwq")

[node name="Rukh1" type="Node3D" parent="MainAct"]
script = ExtResource("4_4rpxf")
startEnabled = true
saveVisibilityOnCheckpoint = true

[node name="SquarePillarFlyTrigger" parent="MainAct/Rukh1" instance=ExtResource("5_yejv7")]
transform = Transform3D(1, 0, 0, 0, 1, 0, 0, 0, 1, 0, 0.4, -14)
"Enter Mode" = 0

[node name="SquarePillarFly" parent="MainAct/Rukh1/SquarePillarFlyTrigger" instance=ExtResource("7_x6tsb")]
transform = Transform3D(1, 0, 0, 0, 1, 0, 0, 0, 1, 0, 1.06137, -10)

[node name="CollisionShape3D" type="CollisionShape3D" parent="MainAct/Rukh1/SquarePillarFlyTrigger"]
transform = Transform3D(1, 0, 0, 0, 1, 0, 0, 0, 1, 0, 8, 0)
shape = SubResource("BoxShape3D_ypvwq")

[node name="DashPanel" parent="MainAct/Rukh1" instance=ExtResource("8_qbwj7")]
transform = Transform3D(-1, 0, -8.74228e-08, 0, 1, 0, 8.74228e-08, 0, -1, 0, 1.46, -27)

[node name="Rings1" type="Node3D" parent="MainAct/Rukh1"]
transform = Transform3D(1, 0, 0, 0, 1, 0, 0, 0, 1, 0, 2.5, -27)
script = ExtResource("9_v4ux6")
Generate = false
Source = ExtResource("10_250we")
Amount = 7
Shape = 0
Orientation = 0
Spacing = 2.5
"Horizontal Offset" = null
"Vertical Offset" = null

[node name="Child01" parent="MainAct/Rukh1/Rings1" instance=ExtResource("10_250we")]

[node name="Child02" parent="MainAct/Rukh1/Rings1" instance=ExtResource("10_250we")]
transform = Transform3D(1, 0, 0, 0, 1, 0, 0, 0, 1, 0, 0, -2.5)

[node name="Child03" parent="MainAct/Rukh1/Rings1" instance=ExtResource("10_250we")]
transform = Transform3D(1, 0, 0, 0, 1, 0, 0, 0, 1, 0, 0, -5)

[node name="Child04" parent="MainAct/Rukh1/Rings1" instance=ExtResource("10_250we")]
transform = Transform3D(1, 0, 0, 0, 1, 0, 0, 0, 1, 0, 0, -7.5)

[node name="Child05" parent="MainAct/Rukh1/Rings1" instance=ExtResource("10_250we")]
transform = Transform3D(1, 0, 0, 0, 1, 0, 0, 0, 1, 0, 0, -10)

[node name="Child06" parent="MainAct/Rukh1/Rings1" instance=ExtResource("10_250we")]
transform = Transform3D(1, 0, 0, 0, 1, 0, 0, 0, 1, 0, 0, -12.5)

[node name="Child07" parent="MainAct/Rukh1/Rings1" instance=ExtResource("10_250we")]
transform = Transform3D(1, 0, 0, 0, 1, 0, 0, 0, 1, 0, 0, -15)

[node name="Rings2" type="Node3D" parent="MainAct/Rukh1"]
transform = Transform3D(1, 0, 0, 0, 0.992546, -0.121869, 0, 0.121869, 0.992547, 0, 4, -78)
script = ExtResource("9_v4ux6")
Generate = false
Source = ExtResource("10_250we")
Amount = 4
Shape = 0
Orientation = 0
Spacing = 3.0
"Horizontal Offset" = null
"Vertical Offset" = null

[node name="Child01" parent="MainAct/Rukh1/Rings2" instance=ExtResource("10_250we")]

[node name="Child02" parent="MainAct/Rukh1/Rings2" instance=ExtResource("10_250we")]
transform = Transform3D(1, 0, 0, 0, 1, 0, 0, 0, 1, 0, 0, -3)

[node name="Child03" parent="MainAct/Rukh1/Rings2" instance=ExtResource("10_250we")]
transform = Transform3D(1, 0, 0, 0, 1, 0, 0, 0, 1, 0, 0, -6)

[node name="Child04" parent="MainAct/Rukh1/Rings2" instance=ExtResource("10_250we")]
transform = Transform3D(1, 0, 0, 0, 1, 0, 0, 0, 1, 0, 0, -9)

[node name="GrindPillarFlyTrigger3" parent="MainAct/Rukh1" instance=ExtResource("5_yejv7")]
transform = Transform3D(1, 0, 0, 0, 1, 0, 0, 0, 1, 0, 1.8, -52)
"Enter Mode" = 0

[node name="GrindPillarFly1" parent="MainAct/Rukh1/GrindPillarFlyTrigger3" instance=ExtResource("8_6mhfy")]
transform = Transform3D(1, 0, 0, 0, 1, 0, 0, 0, 1, -1.7, 0.185524, -20)

[node name="GrindPillarFly2" parent="MainAct/Rukh1/GrindPillarFlyTrigger3" instance=ExtResource("8_6mhfy")]
transform = Transform3D(1, 0, 0, 0, 1, 0, 0, 0, 1, 1.7, 0.185524, -20)

[node name="CollisionShape3D" type="CollisionShape3D" parent="MainAct/Rukh1/GrindPillarFlyTrigger3"]
transform = Transform3D(1, 0, 0, 0, 1, 0, 0, 0, 1, 0, 8, 0)
shape = SubResource("BoxShape3D_ypvwq")

[node name="BlueMajin" parent="MainAct/Rukh1" instance=ExtResource("11_427b8")]
transform = Transform3D(1, 0, 0, 0, 1, 0, 0, 0, 1, 0, 4, -79)

[node name="BlueMajin2" parent="MainAct/Rukh1" instance=ExtResource("11_427b8")]
transform = Transform3D(1, 0, 0, 0, 1, 0, 0, 0, 1, -1, 5, -82)

[node name="Rings3" type="Node3D" parent="MainAct/Rukh1"]
transform = Transform3D(1, 0, 0, 0, 1, 0, 0, 0, 1, 0, 5.5, -107)
script = ExtResource("9_v4ux6")
Generate = false
Source = ExtResource("10_250we")
Amount = 3
Shape = 0
Orientation = 0
Spacing = 3.0
"Horizontal Offset" = null
"Vertical Offset" = null

[node name="Child01" parent="MainAct/Rukh1/Rings3" instance=ExtResource("10_250we")]

[node name="Child02" parent="MainAct/Rukh1/Rings3" instance=ExtResource("10_250we")]
transform = Transform3D(1, 0, 0, 0, 1, 0, 0, 0, 1, 0, 0, -3)

[node name="Child03" parent="MainAct/Rukh1/Rings3" instance=ExtResource("10_250we")]
transform = Transform3D(1, 0, 0, 0, 1, 0, 0, 0, 1, 0, 0, -6)

[node name="GargoyleStatic" parent="MainAct/Rukh1" instance=ExtResource("18_7b7on")]
transform = Transform3D(-4.37114e-08, 0, 1, 0, 1, 0, -1, 0, -4.37114e-08, -2.7, 4.78987, -113)

[node name="GargoyleStatic2" parent="MainAct/Rukh1" instance=ExtResource("18_7b7on")]
transform = Transform3D(-4.37114e-08, 0, -1, 0, 1, 0, 1, 0, -4.37114e-08, 2.8, 4.79, -113)

[node name="DashPanel2" parent="MainAct/Rukh1" instance=ExtResource("8_qbwj7")]
transform = Transform3D(-0.965926, -0.00451702, 0.25878, 0, 0.999848, 0.0174524, -0.258819, 0.0168577, -0.965779, -2, 4.9, -115.4)

[node name="GargoyleStatic3" parent="MainAct/Rukh1" instance=ExtResource("18_7b7on")]
transform = Transform3D(-4.37114e-08, 0, 1, 0, 1, 0, -1, 0, -4.37114e-08, -2.9, 5.219, -124)

[node name="GargoyleStatic4" parent="MainAct/Rukh1" instance=ExtResource("18_7b7on")]
transform = Transform3D(-4.37114e-08, 0, -1, 0, 1, 0, 1, 0, -4.37114e-08, 2.8, 5.23046, -124)

[node name="GargoylePlatform" parent="MainAct/Rukh1" instance=ExtResource("19_efhpe")]
transform = Transform3D(1, 0, 0, 0, 1, 0, 0, 0, 1, 3, 6.755, -139)

[node name="RichRing" parent="MainAct/Rukh1" instance=ExtResource("19_tcciv")]
transform = Transform3D(1, 0, 0, 0, 1, 0, 0, 0, 1, 3, 9.6, -139)

[node name="GargoyleStatic5" parent="MainAct/Rukh1" instance=ExtResource("18_7b7on")]
transform = Transform3D(-4.37114e-08, 0, 1, 0, 1, 0, -1, 0, -4.37114e-08, -3, 6.65266, -139)

[node name="BlueMajin3" parent="MainAct/Rukh1" instance=ExtResource("11_427b8")]
transform = Transform3D(1, 0, 0, 0, 1, 0, 0, 0, 1, 0, 8, -146)
"Spawn Settings/Spawn Travel Time" = 1.0
"Spawn Settings/Spawn Delay" = 0.0
"Spawn Settings/Spawn Offset" = Vector3(0, 20, 0)
"Spawn Settings/Spawn In Offset" = Vector3(0, 0, 0)
"Spawn Settings/Spawn Out Offset" = Vector3(0, 0, 0)

[node name="BlueMajin4" parent="MainAct/Rukh1" instance=ExtResource("11_427b8")]
transform = Transform3D(1, 0, 0, 0, 1, 0, 0, 0, 1, 0.103273, 11.2739, -154.889)
"Spawn Settings/Spawn Travel Time" = 1.0
"Spawn Settings/Spawn Delay" = 0.0
"Spawn Settings/Spawn Offset" = Vector3(0, 20, 0)
"Spawn Settings/Spawn In Offset" = Vector3(0, 0, 0)
"Spawn Settings/Spawn Out Offset" = Vector3(0, 0, 0)

[node name="BlueMajin5" parent="MainAct/Rukh1" instance=ExtResource("11_427b8")]
transform = Transform3D(1, 0, 0, 0, 1, 0, 0, 0, 1, -2.9338, 12.0116, -157.179)
"Spawn Settings/Spawn Travel Time" = 1.0
"Spawn Settings/Spawn Delay" = 0.0
"Spawn Settings/Spawn Offset" = Vector3(0, 20, 0)
"Spawn Settings/Spawn In Offset" = Vector3(0, 0, 0)
"Spawn Settings/Spawn Out Offset" = Vector3(0, 0, 0)

[node name="DashPanel3" parent="MainAct/Rukh1" instance=ExtResource("8_qbwj7")]
transform = Transform3D(-0.986191, 0.000604622, 0.165611, -0.0499137, 0.95241, -0.300706, -0.157912, -0.30482, -0.939228, -1, 10.4, -168)

[node name="BlueMajin6" parent="MainAct/Rukh1" instance=ExtResource("11_427b8")]
transform = Transform3D(1, 0, 0, 0, 1, 0, 0, 0, 1, -1.5, 8.775, -190)
"Spawn Settings/Spawn Travel Time" = 0.5
"Spawn Settings/Spawn Delay" = 0.0
"Spawn Settings/Spawn Offset" = Vector3(-10, 0, 0)
"Spawn Settings/Spawn In Offset" = Vector3(0, 0, 0)
"Spawn Settings/Spawn Out Offset" = Vector3(0, 0, 0)

[node name="BlueMajin7" parent="MainAct/Rukh1" instance=ExtResource("11_427b8")]
transform = Transform3D(0.984808, 0, 0.173648, 0, 1, 0, -0.173648, 0, 0.984808, 0, 12.107, -200)
"Spawn Settings/Spawn Travel Time" = 0.5
"Spawn Settings/Spawn Delay" = 0.0
"Spawn Settings/Spawn Offset" = Vector3(10, 0, 0)
"Spawn Settings/Spawn In Offset" = Vector3(0, 0, 0)
"Spawn Settings/Spawn Out Offset" = Vector3(0, 0, 0)

[node name="DashPanel4" parent="MainAct/Rukh1" instance=ExtResource("8_qbwj7")]
transform = Transform3D(-0.955198, -0.10572, -0.276443, -0.196584, 0.924857, 0.325568, 0.221251, 0.365326, -0.904204, -1, 10.4, -196)
sfxPlayer = NodePath("../DashPanel/SFX")

[node name="BlueMajin8" parent="MainAct/Rukh1" instance=ExtResource("11_427b8")]
transform = Transform3D(0.98703, 0, 0.160536, 0, 1, 0, -0.160536, 0, 0.98703, -0.637001, 15.5261, -205.125)
"Spawn Settings/Spawn Travel Time" = 0.5
"Spawn Settings/Spawn Delay" = 0.0
"Spawn Settings/Spawn Offset" = Vector3(-15, 0, 0)
"Spawn Settings/Spawn In Offset" = Vector3(0, 0, 0)
"Spawn Settings/Spawn Out Offset" = Vector3(0, 0, 0)

[node name="BlueMajin9" parent="MainAct/Rukh1" instance=ExtResource("11_427b8")]
transform = Transform3D(0.98703, 0, 0.160536, 0, 1, 0, -0.160536, 0, 0.98703, -6.34411, 16.1318, -210.29)
"Spawn Settings/Spawn Travel Time" = 0.5
"Spawn Settings/Spawn Delay" = 0.0
"Spawn Settings/Spawn Offset" = Vector3(3, 5, 15)
"Spawn Settings/Spawn In Offset" = Vector3(-2, -1, -3)
"Spawn Settings/Spawn Out Offset" = Vector3(-4, 0.5, -3)

[node name="SquarePillarFlyTrigger2" parent="MainAct/Rukh1" instance=ExtResource("5_yejv7")]
transform = Transform3D(1, 0, 0, 0, 1, 0, 0, 0, 1, 1, 10, -180)
"Enter Mode" = 0

[node name="SquarePillarFly" parent="MainAct/Rukh1/SquarePillarFlyTrigger2" instance=ExtResource("7_x6tsb")]
transform = Transform3D(0.996195, -0.0871557, 0, 0.0865061, 0.988769, -0.121869, 0.0106216, 0.121406, 0.992547, -1.8, 6, -29)

[node name="CollisionShape3D" type="CollisionShape3D" parent="MainAct/Rukh1/SquarePillarFlyTrigger2"]
transform = Transform3D(1, 0, 0, 0, 1, 0, 0, 0, 1, 0, 8, 0)
shape = SubResource("BoxShape3D_ypvwq")

[node name="GrindPillarStatic" parent="MainAct/Rukh1" instance=ExtResource("15_oja87")]
transform = Transform3D(0.960284, -0.0868241, -0.265171, 0.106658, 0.992404, 0.061308, 0.257834, -0.0871558, 0.96225, -6.3228, 15.3447, -212.598)

[node name="Grindrail" parent="MainAct/Rukh1" instance=ExtResource("16_8bsas")]
transform = Transform3D(0.965187, -0.00243789, -0.261551, 0.0178931, 0.99823, 0.0567255, 0.260949, -0.0594306, 0.963521, -6.54216, 17.7553, -212.8)
railModel = NodePath("")
startCap = NodePath("")
endCap = NodePath("")
collider = NodePath("")

[node name="Rings4" type="Node3D" parent="MainAct/Rukh1/Grindrail"]
transform = Transform3D(1, 0, 0, 0, 1, 0, 0, 0, 1, 0, 1.1, -1.5)
script = ExtResource("9_v4ux6")
Generate = false
Source = ExtResource("10_250we")
Amount = 10
Shape = 0
Orientation = 0
Spacing = 1.8
"Horizontal Offset" = null
"Vertical Offset" = null

[node name="Child01" parent="MainAct/Rukh1/Grindrail/Rings4" instance=ExtResource("10_250we")]

[node name="Child02" parent="MainAct/Rukh1/Grindrail/Rings4" instance=ExtResource("10_250we")]
transform = Transform3D(1, 0, 0, 0, 1, 0, 0, 0, 1, 0, 0, -1.8)

[node name="Child03" parent="MainAct/Rukh1/Grindrail/Rings4" instance=ExtResource("10_250we")]
transform = Transform3D(1, 0, 0, 0, 1, 0, 0, 0, 1, 0, 0, -3.6)

[node name="Child04" parent="MainAct/Rukh1/Grindrail/Rings4" instance=ExtResource("10_250we")]
transform = Transform3D(1, 0, 0, 0, 1, 0, 0, 0, 1, 0, 0, -5.4)

[node name="Child05" parent="MainAct/Rukh1/Grindrail/Rings4" instance=ExtResource("10_250we")]
transform = Transform3D(1, 0, 0, 0, 1, 0, 0, 0, 1, 0, 0, -7.2)

[node name="Child06" parent="MainAct/Rukh1/Grindrail/Rings4" instance=ExtResource("10_250we")]
transform = Transform3D(1, 0, 0, 0, 1, 0, 0, 0, 1, 0, 0, -9)

[node name="Child07" parent="MainAct/Rukh1/Grindrail/Rings4" instance=ExtResource("10_250we")]
transform = Transform3D(1, 0, 0, 0, 1, 0, 0, 0, 1, 0, 0, -10.8)

[node name="Child08" parent="MainAct/Rukh1/Grindrail/Rings4" instance=ExtResource("10_250we")]
transform = Transform3D(1, 0, 0, 0, 1, 0, 0, 0, 1, 0, 0, -12.6)

[node name="Child09" parent="MainAct/Rukh1/Grindrail/Rings4" instance=ExtResource("10_250we")]
transform = Transform3D(1, 0, 0, 0, 1, 0, 0, 0, 1, 0, 0, -14.4)

[node name="Child10" parent="MainAct/Rukh1/Grindrail/Rings4" instance=ExtResource("10_250we")]
transform = Transform3D(1, 0, 0, 0, 1, 0, 0, 0, 1, 0, 0, -16.2)

[node name="RoundPillar" parent="MainAct/Rukh1" instance=ExtResource("18_3nm5m")]
transform = Transform3D(1, 0, 0, 0, 1, 0, 0, 0, 1, -1.26274, 9.6529, -232.019)

[node name="Grindrail2" parent="MainAct/Rukh1" instance=ExtResource("17_8qnjt")]
transform = Transform3D(0.743168, -9.30936e-10, -0.669105, 0.011841, 0.999843, 0.0131516, 0.669, -0.0176967, 0.743052, -1.20156, 16.6144, -231.991)
railModel = NodePath("")
startCap = NodePath("")
endCap = NodePath("")
collider = NodePath("")

[node name="RoundPillar2" parent="MainAct/Rukh1" instance=ExtResource("18_3nm5m")]
transform = Transform3D(1, 0, 0, 0, 1, 0, 0, 0, 1, 5.78385, 9.32139, -239.693)

[node name="SquarePillarFlyTrigger3" parent="MainAct/Rukh1" instance=ExtResource("5_yejv7")]
transform = Transform3D(0.996195, 0, 0.0871557, 0, 1, 0, -0.0871557, 0, 0.996195, 2.5, 11.4, -241)
"Enter Mode" = 0

[node name="SquarePillarFly2" parent="MainAct/Rukh1/SquarePillarFlyTrigger3" instance=ExtResource("7_x6tsb")]
transform = Transform3D(0.964221, 0.0656813, -0.256835, -0.0346319, 0.991728, 0.123601, 0.262828, -0.110285, 0.95852, 2.89469, 1.374, -17.9917)

[node name="CollisionShape3D" type="CollisionShape3D" parent="MainAct/Rukh1/SquarePillarFlyTrigger3"]
transform = Transform3D(1, 0, 0, 0, 1, 0, 0, 0, 1, 0, 8, 0)
shape = SubResource("BoxShape3D_ypvwq")

[node name="Grindrail4" parent="MainAct/Rukh1" instance=ExtResource("16_8bsas")]
transform = Transform3D(0.994522, 0, 0.104528, 0, 1, 0, -0.104528, 0, 0.994522, 5.8, 16.5, -240)
rail = NodePath("../Grindrail/Path3D")
railModel = NodePath("")
startCap = NodePath("")
endCap = NodePath("")
collider = NodePath("")

[node name="RoundPillar3" parent="MainAct/Rukh1" instance=ExtResource("18_3nm5m")]
transform = Transform3D(1, 0, 0, 0, 1, 0, 0, 0, 1, -0.249984, 9.32139, -240.762)

[node name="BlueMajin10" parent="MainAct/Rukh1" instance=ExtResource("11_427b8")]
transform = Transform3D(1, 0, 0, 0, 1, 0, 0, 0, 1, 2.5, 10, -239)
"Spawn Settings/Spawn Travel Time" = 1.0
"Spawn Settings/Spawn Delay" = 0.0
"Spawn Settings/Spawn Offset" = Vector3(0, 10, 0)
"Spawn Settings/Spawn In Offset" = Vector3(0, 0, 0)
"Spawn Settings/Spawn Out Offset" = Vector3(0, 0, 0)
rangeOverride = 30

[node name="BlueMajin11" parent="MainAct/Rukh1" instance=ExtResource("11_427b8")]
transform = Transform3D(1, 0, 0, 0, 1, 0, 0, 0, 1, 2, 11, -245)
rangeOverride = 30

[node name="Grindrail3" parent="MainAct/Rukh1" instance=ExtResource("16_8bsas")]
transform = Transform3D(0.990024, -0.0122803, 0.140365, 0, 0.996195, 0.0871558, -0.140901, -0.0862862, 0.986257, -0.2, 16.4, -241)
railModel = NodePath("")
startCap = NodePath("")
endCap = NodePath("")
collider = NodePath("")

[node name="Rings5" type="Node3D" parent="MainAct/Rukh1/Grindrail3"]
transform = Transform3D(1, 0, 0, 0, 1, 0, 0, 0, 1, 0, 1.1, -2)
script = ExtResource("9_v4ux6")
Generate = false
Source = ExtResource("10_250we")
Amount = 10
Shape = 0
Orientation = 0
Spacing = 1.8
"Horizontal Offset" = null
"Vertical Offset" = null

[node name="Child01" parent="MainAct/Rukh1/Grindrail3/Rings5" instance=ExtResource("10_250we")]

[node name="Child02" parent="MainAct/Rukh1/Grindrail3/Rings5" instance=ExtResource("10_250we")]
transform = Transform3D(1, 0, 0, 0, 1, 0, 0, 0, 1, 0, 0, -1.8)

[node name="Child03" parent="MainAct/Rukh1/Grindrail3/Rings5" instance=ExtResource("10_250we")]
transform = Transform3D(1, 0, 0, 0, 1, 0, 0, 0, 1, 0, 0, -3.6)

[node name="Child04" parent="MainAct/Rukh1/Grindrail3/Rings5" instance=ExtResource("10_250we")]
transform = Transform3D(1, 0, 0, 0, 1, 0, 0, 0, 1, 0, 0, -5.4)

[node name="Child05" parent="MainAct/Rukh1/Grindrail3/Rings5" instance=ExtResource("10_250we")]
transform = Transform3D(1, 0, 0, 0, 1, 0, 0, 0, 1, 0, 0, -7.2)

[node name="Child06" parent="MainAct/Rukh1/Grindrail3/Rings5" instance=ExtResource("10_250we")]
transform = Transform3D(1, 0, 0, 0, 1, 0, 0, 0, 1, 0, 0, -9)

[node name="Child07" parent="MainAct/Rukh1/Grindrail3/Rings5" instance=ExtResource("10_250we")]
transform = Transform3D(1, 0, 0, 0, 1, 0, 0, 0, 1, 0, 0, -10.8)

[node name="Child08" parent="MainAct/Rukh1/Grindrail3/Rings5" instance=ExtResource("10_250we")]
transform = Transform3D(1, 0, 0, 0, 1, 0, 0, 0, 1, 0, 0, -12.6)

[node name="Child09" parent="MainAct/Rukh1/Grindrail3/Rings5" instance=ExtResource("10_250we")]
transform = Transform3D(1, 0, 0, 0, 1, 0, 0, 0, 1, 0, 0, -14.4)

[node name="Child10" parent="MainAct/Rukh1/Grindrail3/Rings5" instance=ExtResource("10_250we")]
transform = Transform3D(1, 0, 0, 0, 1, 0, 0, 0, 1, 0, 0, -16.2)

[node name="GrindPillarStatic2" parent="MainAct/Rukh1" instance=ExtResource("15_oja87")]
transform = Transform3D(1, 0, 0, 0, 0.978148, 0.207912, 0, -0.207912, 0.978147, -3, 12.1, -260)

[node name="DashPanel5" parent="MainAct/Rukh1" instance=ExtResource("8_qbwj7")]
transform = Transform3D(-1, -1.96659e-08, -8.51821e-08, 0, 0.97437, -0.224951, 8.74228e-08, -0.224951, -0.97437, 0, 10.37, -267.385)

[node name="Rings6" type="Node3D" parent="MainAct/Rukh1"]
transform = Transform3D(1, 0, 0, 0, 0.97437, 0.224951, 0, -0.224951, 0.97437, 0, 10.5, -277)
script = ExtResource("9_v4ux6")
Generate = false
Source = ExtResource("10_250we")
Amount = 3
Shape = 0
Orientation = 0
Spacing = 2.5
"Horizontal Offset" = null
"Vertical Offset" = null

[node name="Child01" parent="MainAct/Rukh1/Rings6" instance=ExtResource("10_250we")]

[node name="Child02" parent="MainAct/Rukh1/Rings6" instance=ExtResource("10_250we")]
transform = Transform3D(1, 0, 0, 0, 1, 0, 0, 0, 1, 0, 0, -2.5)

[node name="Child03" parent="MainAct/Rukh1/Rings6" instance=ExtResource("10_250we")]
transform = Transform3D(1, 0, 0, 0, 1, 0, 0, 0, 1, 0, 0, -5)

[node name="JumpPanel" parent="MainAct/Rukh1" instance=ExtResource("5_2txni")]
transform = Transform3D(-1, 0, 8.74228e-08, 0, 1, 0, -8.74228e-08, 0, -1, -4.37114e-07, 8.4, -286)
middleHeight = 10.0
finalHeight = -20.0
distance = 47.0

[node name="LaunchRing1" parent="MainAct/Rukh1" instance=ExtResource("6_s2poe")]
transform = Transform3D(-0.182235, 0.851524, -0.491627, 0, 0.5, 0.866025, 0.983255, 0.157821, -0.0911177, 0, -10, -333)
"Secondary Settings/Middle Height" = 15.0
"Secondary Settings/Final Height" = 0.0
"Secondary Settings/Distance" = 92.0
middleHeight = 10.0
finalHeight = 1.0
distance = 80.0
launchDirection = 2

[node name="Cam" type="Node3D" parent="MainAct/Rukh1/LaunchRing1"]
transform = Transform3D(0.182236, -1.56462e-07, -0.983255, -0.851524, 0.5, -0.15782, 0.491628, 0.866026, 0.0911175, 46.213, 16.6175, 11.6524)
script = ExtResource("8_xcxgd")
transitionTime = 1.0
deactivationTransitionTime = 0.5
settings = ExtResource("9_b6tta")
previousSettings = ExtResource("11_kaap7")

[node name="LaunchRingSpike" parent="MainAct/Rukh1" instance=ExtResource("7_txkek")]
transform = Transform3D(-0.414693, -0.64344, 0.64344, 0, 0.707107, 0.707107, -0.909961, 0.293232, -0.293232, -90, -10, -350)
"Secondary Settings/Middle Height" = 15.0
"Secondary Settings/Final Height" = 6.0
"Secondary Settings/Distance" = 72.0
launchDirection = 2

[node name="LaunchRing2" parent="MainAct/Rukh1" instance=ExtResource("6_s2poe")]
transform = Transform3D(-0.5, 0.612372, -0.612372, 0, 0.707107, 0.707107, 0.866025, 0.353553, -0.353553, -24, -4, -380)
"Secondary Settings/Final Height" = -15.0
"Secondary Settings/Distance" = 30.0
finalHeight = -20.0
distance = 25.0
launchDirection = 2

[node name="Path" type="Node3D" parent="MainAct/Rukh1/LaunchRing2" node_paths=PackedStringArray("path")]
script = ExtResource("9_kt1ho")
path = NodePath("../../../../Static/Paths/Rukh2")

[node name="Rukh2" type="Node3D" parent="MainAct"]
transform = Transform3D(1, 0, 0, 0, 1, 0, 0, 0, 1, -50, -20, -380)

[node name="Rings7" type="Node3D" parent="MainAct/Rukh2"]
transform = Transform3D(-0.999962, -0.000226742, -0.00875238, 3.16405e-05, 0.999564, -0.0295098, 0.00875526, -0.0295089, -0.999526, 0.062767, 1.95247, -21.7387)
script = ExtResource("9_v4ux6")
Generate = false
Source = ExtResource("10_250we")
Amount = 5
Shape = 2
Path = NodePath("../../../Static/Paths/Rukh2")
"Path Progress Offset" = 0.0
"Disable Path Y" = false
Spacing = 2.4
"Horizontal Offset" = null
"Vertical Offset" = null

[node name="Child01" parent="MainAct/Rukh2/Rings7" instance=ExtResource("10_250we")]
transform = Transform3D(1, 7.27596e-12, -9.31323e-10, 0, 1, 9.31323e-10, 9.31323e-10, 9.31323e-10, 1, 0, 0, 0)

[node name="Child02" parent="MainAct/Rukh2/Rings7" instance=ExtResource("10_250we")]
transform = Transform3D(1, 7.27596e-12, -9.31323e-10, 0, 1, 9.31323e-10, 9.31323e-10, 9.31323e-10, 1, -0.0210114, 0.0666409, 2.39868)

[node name="Child03" parent="MainAct/Rukh2/Rings7" instance=ExtResource("10_250we")]
transform = Transform3D(1, 7.27596e-12, -9.31323e-10, 0, 1, 9.31323e-10, 9.31323e-10, 9.31323e-10, 1, -0.0420227, 0.134876, 4.7973)

[node name="Child04" parent="MainAct/Rukh2/Rings7" instance=ExtResource("10_250we")]
transform = Transform3D(1, 7.27596e-12, -9.31323e-10, 0, 1, 9.31323e-10, 9.31323e-10, 9.31323e-10, 1, -0.0630302, 0.204712, 7.19589)

[node name="Child05" parent="MainAct/Rukh2/Rings7" instance=ExtResource("10_250we")]
transform = Transform3D(1, 7.27596e-12, -9.31323e-10, 0, 1, 9.31323e-10, 9.31323e-10, 9.31323e-10, 1, -0.0840378, 0.276148, 9.59445)

[node name="GrindPillarFlyTrigger2" parent="MainAct/Rukh2" instance=ExtResource("5_yejv7")]
transform = Transform3D(1, 0, 0, 0, 1, 0, 5.96046e-08, 0, 1, 0.928696, 0.836075, -13.0379)
"Enter Mode" = 0

[node name="GrindPillarFly3" parent="MainAct/Rukh2/GrindPillarFlyTrigger2" node_paths=PackedStringArray("rotationRoot", "root", "pieceRoot", "animator") instance=ExtResource("8_6mhfy")]
transform = Transform3D(1, 0, 0, 0, 1, 0, 0, 0, 1, -2.04197, 0.185524, -20)
rotationRoot = NodePath("../../../Rukh1/GrindPillarFlyTrigger3/GrindPillarFly1/Root/Rotation")
root = NodePath("../../../Rukh1/GrindPillarFlyTrigger3/GrindPillarFly1/Root")
pieceRoot = NodePath("../../../Rukh1/GrindPillarFlyTrigger3/GrindPillarFly1/GrindPillarPieces")
animator = NodePath("../../../Rukh1/GrindPillarFlyTrigger3/GrindPillarFly1/AnimationPlayer")

[node name="GrindPillarFly4" parent="MainAct/Rukh2/GrindPillarFlyTrigger2" node_paths=PackedStringArray("rotationRoot", "root", "pieceRoot", "animator") instance=ExtResource("8_6mhfy")]
transform = Transform3D(1, 0, 0, 0, 1, 0, 0, 0, 1, -0.926651, 0.185524, -20)
rotationRoot = NodePath("../../../Rukh1/GrindPillarFlyTrigger3/GrindPillarFly2/Root/Rotation")
root = NodePath("../../../Rukh1/GrindPillarFlyTrigger3/GrindPillarFly2/Root")
pieceRoot = NodePath("../../../Rukh1/GrindPillarFlyTrigger3/GrindPillarFly2/GrindPillarPieces")
animator = NodePath("../../../Rukh1/GrindPillarFlyTrigger3/GrindPillarFly2/AnimationPlayer")

[node name="GrindPillarFly5" parent="MainAct/Rukh2/GrindPillarFlyTrigger2" node_paths=PackedStringArray("rotationRoot", "root", "pieceRoot", "animator") instance=ExtResource("8_6mhfy")]
transform = Transform3D(1, 0, 0, 0, 1, 0, 0, 0, 1, 0.249485, 0.185524, -20)
rotationRoot = NodePath("../../../Rukh1/GrindPillarFlyTrigger3/GrindPillarFly2/Root/Rotation")
root = NodePath("../../../Rukh1/GrindPillarFlyTrigger3/GrindPillarFly2/Root")
pieceRoot = NodePath("../../../Rukh1/GrindPillarFlyTrigger3/GrindPillarFly2/GrindPillarPieces")
animator = NodePath("../../../Rukh1/GrindPillarFlyTrigger3/GrindPillarFly2/AnimationPlayer")

[node name="CollisionShape3D" type="CollisionShape3D" parent="MainAct/Rukh2/GrindPillarFlyTrigger2"]
transform = Transform3D(1, 0, 0, 0, 1, 0, 0, 0, 1, 0, 8, 0)
shape = SubResource("BoxShape3D_ypvwq")

[node name="SquarePillarFlyTrigger4" parent="MainAct/Rukh2" instance=ExtResource("5_yejv7")]
transform = Transform3D(1, 0, 0, 0, 1, 0, 5.96046e-08, 0, 1, 0.928696, 0.836075, -13.0379)
"Enter Mode" = 0

[node name="SquarePillarFly" parent="MainAct/Rukh2/SquarePillarFlyTrigger4" instance=ExtResource("7_x6tsb")]
transform = Transform3D(1, 0, 0, 0, 1, 0, -5.96047e-08, 0, 1, -3.49321, 1.17369, -38.418)

[node name="SquarePillarFly2" parent="MainAct/Rukh2/SquarePillarFlyTrigger4" node_paths=PackedStringArray("root", "pieceRoot", "animator") instance=ExtResource("7_x6tsb")]
transform = Transform3D(1, 0, 0, 0, 1, 0, -5.96047e-08, 0, 1, 1.56902, 1.17369, -38.418)
root = NodePath("../SquarePillarFly/Root")
pieceRoot = NodePath("../SquarePillarFly/SquarePillarPieces")
animator = NodePath("../SquarePillarFly/AnimationPlayer")

[node name="CollisionShape3D" type="CollisionShape3D" parent="MainAct/Rukh2/SquarePillarFlyTrigger4"]
transform = Transform3D(1, 0, 0, 0, 1, 0, 0, 0, 1, 0, 8, 0)
shape = SubResource("BoxShape3D_ypvwq")

[node name="GateTrigger" type="Node3D" parent="MainAct/Rukh2"]
transform = Transform3D(1, 0, 0, 0, 1, 0, 0, 0, 1, -0.0976181, 2.11011, -51.5974)
script = ExtResource("27_1gmoh")
OneShot = false
"Trigger Mode" = 0
"Enter Mode" = 1

[node name="Switch" parent="MainAct/Rukh2/GateTrigger" instance=ExtResource("27_lcrpn")]

[node name="Switch2" parent="MainAct/Rukh2/GateTrigger" instance=ExtResource("27_lcrpn")]
transform = Transform3D(1, 0, 0, 0, 1, 0, 0, 0, 1, 2.29292, 2.88578, -59.6426)

[node name="RichPearls1" type="Node3D" parent="MainAct/Rukh2"]
transform = Transform3D(1, 0, 0, 0, 1, 0, 0, 0, 1, -1.88557, 2.43902, -66.8848)
script = ExtResource("9_v4ux6")
Generate = false
Source = ExtResource("28_g0j2g")
Amount = 3
Shape = 2
Path = NodePath("../../../Static/Paths/Rukh2")
"Path Progress Offset" = 0.0
"Disable Path Y" = false
Spacing = 3.5
"Horizontal Offset" = null
"Vertical Offset" = null

[node name="Child01" parent="MainAct/Rukh2/RichPearls1" instance=ExtResource("28_g0j2g")]
transform = Transform3D(1, 0, 0, 0, 1, 0, 0, 0, 1, 0, -3.8147e-06, 6.10352e-05)

[node name="Child02" parent="MainAct/Rukh2/RichPearls1" instance=ExtResource("28_g0j2g")]
transform = Transform3D(1, 0, 0, 0, 1, 0, 0, 0, 1, 0, 0.152466, -3.48975)

[node name="Child03" parent="MainAct/Rukh2/RichPearls1" instance=ExtResource("28_g0j2g")]
transform = Transform3D(1, 0, 0, 0, 1, 0, 0, 0, 1, 0, 0.28286, -6.98151)

[node name="SpikePanel" parent="MainAct/Rukh2" instance=ExtResource("29_w4hsv")]
transform = Transform3D(0.999991, 2.58967e-05, 0.00427595, -2.50595e-11, 0.999982, -0.00605626, -0.00427605, 0.0060562, 0.999973, 0.0590172, 2.10263, -70.4783)

[node name="DashPanel" parent="MainAct/Rukh2" instance=ExtResource("8_qbwj7")]
transform = Transform3D(-0.999847, 0, -0.0174874, 0, 1, 0, 0.0174874, 0, -0.999847, 1.73732, 1.96861, -70.5892)

[node name="RichPearls2" type="Node3D" parent="MainAct/Rukh2"]
transform = Transform3D(1, 0, 0, 0, 0.989255, -0.146204, 0, 0.146204, 0.989255, 1.75142, 2.97943, -73.536)
script = ExtResource("9_v4ux6")
Generate = false
Source = ExtResource("28_g0j2g")
Amount = 3
Shape = 2
Path = NodePath("../../../Static/Paths/Rukh2")
"Path Progress Offset" = 0.0
"Disable Path Y" = false
Spacing = 3.5
"Horizontal Offset" = null
"Vertical Offset" = null

[node name="Child01" parent="MainAct/Rukh2/RichPearls2" instance=ExtResource("28_g0j2g")]
transform = Transform3D(1, 0, 0, 0, 1, 0, 0, 0, 1, 0, -3.8147e-06, 9.15527e-05)

[node name="Child02" parent="MainAct/Rukh2/RichPearls2" instance=ExtResource("28_g0j2g")]
transform = Transform3D(1, 0, 0, 0, 1, 0, 0, 0, 1, 0, 0.107088, -3.49326)

[node name="Child03" parent="MainAct/Rukh2/RichPearls2" instance=ExtResource("28_g0j2g")]
transform = Transform3D(1, 0, 0, 0, 1, 0, 0, 0, 1, 0, 0.199528, -6.98795)

[node name="SpikePanel2" parent="MainAct/Rukh2" instance=ExtResource("29_w4hsv")]
transform = Transform3D(0.999991, 2.58967e-05, 0.00427595, 0.000370972, 0.995686, -0.0927869, -0.00425993, 0.0927876, 0.995677, -0.63306, 3.41454, -78.2706)

[node name="SpikePanel3" parent="MainAct/Rukh2" instance=ExtResource("29_w4hsv")]
transform = Transform3D(0.999991, 2.58967e-05, 0.00427595, 0.000370972, 0.995686, -0.0927869, -0.00425993, 0.0927876, 0.995677, -2.00517, 3.41454, -78.2706)

[node name="SpikePanel4" parent="MainAct/Rukh2" instance=ExtResource("29_w4hsv")]
transform = Transform3D(0.999991, 2.58967e-05, 0.00427595, 0.000370972, 0.995686, -0.0927869, -0.00425993, 0.0927876, 0.995677, -0.0480118, 4.63061, -88.6845)

[node name="SpikePanel5" parent="MainAct/Rukh2" instance=ExtResource("29_w4hsv")]
transform = Transform3D(0.999991, 2.58967e-05, 0.00427595, 0.000370972, 0.995686, -0.0927869, -0.00425993, 0.0927876, 0.995677, 1.45177, 4.63061, -88.6845)

[node name="SpikePanel6" parent="MainAct/Rukh2" instance=ExtResource("29_w4hsv")]
transform = Transform3D(0.999991, 2.58967e-05, 0.00427595, 0.000370972, 0.995686, -0.0927869, -0.00425993, 0.0927876, 0.995677, -1.34488, 4.42912, -99.2324)

[node name="SpikePanel7" parent="MainAct/Rukh2" instance=ExtResource("29_w4hsv")]
transform = Transform3D(0.999991, 2.58967e-05, 0.00427595, 0.000370972, 0.995686, -0.0927869, -0.00425993, 0.0927876, 0.995677, 0.0577087, 4.42912, -99.2324)

[node name="SpikePanel8" parent="MainAct/Rukh2" instance=ExtResource("29_w4hsv")]
transform = Transform3D(0.999991, 2.58967e-05, 0.00427595, 0.000370972, 0.995686, -0.0927869, -0.00425993, 0.0927876, 0.995677, 1.45629, 4.42912, -99.2324)

[node name="DashPanel2" parent="MainAct/Rukh2" instance=ExtResource("8_qbwj7")]
transform = Transform3D(-0.999964, 0, -0.00842982, -0.0004713, 0.998436, 0.0559066, 0.00841663, 0.0559086, -0.9984, 0.0221634, 4.49957, -101.448)

[node name="RichPearls3" type="Node3D" parent="MainAct/Rukh2"]
transform = Transform3D(1, 0, 0, 0, 0.978563, -0.205948, 0, 0.205948, 0.978563, -1.72369, 4.74062, -81.5186)
script = ExtResource("9_v4ux6")
Generate = false
Source = ExtResource("28_g0j2g")
Amount = 3
Shape = 2
Path = NodePath("../../../Static/Paths/Rukh2")
"Path Progress Offset" = 0.0
"Disable Path Y" = false
Spacing = 3.5
"Horizontal Offset" = null
"Vertical Offset" = null

[node name="Child01" parent="MainAct/Rukh2/RichPearls3" instance=ExtResource("28_g0j2g")]
transform = Transform3D(1, 0, 0, 0, 1, 0, 0, 0, 1, 0, -7.62939e-06, 0)

[node name="Child02" parent="MainAct/Rukh2/RichPearls3" instance=ExtResource("28_g0j2g")]
transform = Transform3D(1, 0, 0, 0, 1, 0, 0, 0, 1, 0, -0.647644, -3.44003)

[node name="Child03" parent="MainAct/Rukh2/RichPearls3" instance=ExtResource("28_g0j2g")]
transform = Transform3D(1, 0, 0, 0, 1, 0, 0, 0, 1, 0, -1.30241, -6.87866)

[node name="Gate" parent="MainAct/Rukh2" instance=ExtResource("16_cr60c")]
transform = Transform3D(1.5, 0, 0, 0, 4, 0, 0, 0, 1.5, 0, 5, -115)
"Trigger Settings/Animation Blending" = 0.0
respawnAnimation = 2

[node name="GreenMajin" parent="MainAct/Rukh2" instance=ExtResource("31_ueb1o")]
transform = Transform3D(1, 0, 0, 0, 1, 0, 0, 0, 1, -1.7665, 6.04337, -131.789)

