[gd_scene load_steps=43 format=3 uid="uid://tomoh11jttkl"]

[ext_resource type="PackedScene" uid="uid://bm61nw4o1jcrb" path="res://area/4 levitated ruin/act 1/Static.tscn" id="1_jeukd"]
[ext_resource type="Resource" uid="uid://4u4smu0br2v8" path="res://resource/level data/levitated ruin/Act1Main.tres" id="2_5dvfu"]
[ext_resource type="PackedScene" uid="uid://cjupypih0myxo" path="res://object/player/CharacterSpawn.tscn" id="2_065fl"]
[ext_resource type="Resource" uid="uid://cqb8i042q3bsb" path="res://area/4 levitated ruin/act 1/camera/StartCam.tres" id="3_35kks"]
[ext_resource type="Script" path="res://object/trigger/modules/CullingTrigger.cs" id="4_4rpxf"]
[ext_resource type="PackedScene" uid="uid://87lgwwefd4g4" path="res://object/stage/common/JumpPanel.tscn" id="5_2txni"]
[ext_resource type="PackedScene" uid="uid://bn6wr6l8s3qyt" path="res://object/trigger/StageTrigger.tscn" id="5_yejv7"]
[ext_resource type="PackedScene" uid="uid://bcsww42lqxn6w" path="res://object/stage/common/LaunchRing.tscn" id="6_s2poe"]
[ext_resource type="PackedScene" uid="uid://db770ujvjdio4" path="res://object/stage/common/LaunchRingSpike.tscn" id="7_txkek"]
[ext_resource type="PackedScene" uid="uid://cfcqcvct272ct" path="res://area/4 levitated ruin/object/platform/SquarePillarFly.tscn" id="7_x6tsb"]
[ext_resource type="PackedScene" uid="uid://x3scwb5r13dw" path="res://area/4 levitated ruin/object/platform/GrindPillarFly.tscn" id="8_6mhfy"]
[ext_resource type="PackedScene" uid="uid://bhnh1as6xgpiy" path="res://object/stage/common/DashPanel.tscn" id="8_qbwj7"]
[ext_resource type="Script" path="res://object/trigger/modules/CameraTrigger.cs" id="8_xcxgd"]
[ext_resource type="Resource" uid="uid://jvsbdfsrni4p" path="res://area/4 levitated ruin/act 1/camera/main/LaunchRing1Cam.tres" id="9_b6tta"]
[ext_resource type="Script" path="res://object/trigger/modules/PathTrigger.cs" id="9_kt1ho"]
[ext_resource type="Script" path="res://addons/custom_nodes/script/ObjectGenerator.cs" id="9_v4ux6"]
[ext_resource type="PackedScene" uid="uid://c7l8mr7ubn848" path="res://object/stage/pickups/Ring.tscn" id="10_250we"]
[ext_resource type="PackedScene" uid="uid://cggks1kly71mq" path="res://object/enemy/majin/data/levitated ruin/BlueMajin.tscn" id="11_427b8"]
[ext_resource type="Resource" uid="uid://b3h54r5awfek0" path="res://area/4 levitated ruin/act 1/camera/Rukh2PreviewCam.tres" id="11_kaap7"]
[ext_resource type="PackedScene" uid="uid://ci8d3jdqrc0nr" path="res://area/4 levitated ruin/object/special/Ivy.tscn" id="13_xqwht"]
[ext_resource type="PackedScene" uid="uid://01vxs3in41h" path="res://area/4 levitated ruin/object/special/Zipline.tscn" id="14_ym4ng"]
[ext_resource type="Script" path="res://object/trigger/modules/LockoutTrigger.cs" id="15_a5o6r"]
[ext_resource type="PackedScene" uid="uid://o3wp38uypn2q" path="res://area/4 levitated ruin/object/platform/GrindPillarStatic.tscn" id="15_oja87"]
[ext_resource type="PackedScene" uid="uid://b8m1x0tudbcbd" path="res://object/stage/common/Spring.tscn" id="15_q7qwf"]
[ext_resource type="Resource" uid="uid://38s0wkpi5mlf" path="res://resource/preset/lockout/run/RecenterLockout.tres" id="16_4h2cm"]
[ext_resource type="PackedScene" uid="uid://caoftgb3g6qwh" path="res://area/4 levitated ruin/object/grindrail/Grindrail02.tscn" id="16_8bsas"]
[ext_resource type="PackedScene" uid="uid://bqvtcp8tkbfyt" path="res://object/stage/common/SpikeBall.tscn" id="16_8guxi"]
[ext_resource type="PackedScene" uid="uid://bxvbg3oku2gpf" path="res://area/4 levitated ruin/object/Gate.tscn" id="16_cr60c"]
[ext_resource type="PackedScene" uid="uid://b1xkgmh63vq3j" path="res://area/4 levitated ruin/object/grindrail/Grindrail01.tscn" id="17_8qnjt"]
[ext_resource type="PackedScene" uid="uid://bsoom6k2m0r83" path="res://area/4 levitated ruin/object/platform/RoundPillarStatic.tscn" id="18_3nm5m"]
[ext_resource type="PackedScene" uid="uid://b0uekqdfkbg6h" path="res://object/stage/common/ItemBox.tscn" id="18_6xh0d"]
[ext_resource type="PackedScene" uid="uid://b6030p0x15kq0" path="res://area/4 levitated ruin/object/platform/GargoyleStatic.tscn" id="18_7b7on"]
[ext_resource type="PackedScene" uid="uid://bbgtmxw55soah" path="res://object/stage/destructable/Stone.tscn" id="18_rpxg1"]
[ext_resource type="PackedScene" uid="uid://cx36fswvjfblm" path="res://object/stage/destructable/EnemyStone.tscn" id="18_w6abm"]
[ext_resource type="PackedScene" uid="uid://b2jsh7hensgem" path="res://object/enemy/gargoyle/Gargoyle.tscn" id="19_78g2p"]
[ext_resource type="PackedScene" uid="uid://diq31c5i622qs" path="res://area/4 levitated ruin/object/platform/GargoylePatform.tscn" id="19_efhpe"]
[ext_resource type="PackedScene" uid="uid://68st06xyjgvp" path="res://object/stage/pickups/RichRing.tscn" id="19_tcciv"]
[ext_resource type="PackedScene" uid="uid://dxepb172kmp8n" path="res://object/stage/common/Goal.tscn" id="23_iw0rv"]
[ext_resource type="PackedScene" uid="uid://bmsfpsjjdiitu" path="res://area/4 levitated ruin/object/WindTrigger.tscn" id="31_jvmbg"]

[sub_resource type="BoxShape3D" id="BoxShape3D_ypvwq"]
size = Vector3(10, 20, 2.5)

[sub_resource type="Curve3D" id="Curve3D_xwhik"]
_data = {
"points": PackedVector3Array(0, 0, 0, 0, 0, 0, 0, 0, 0, 0, 0, 0, 0, 0, 0, 0, 8.5, 97),
"tilts": PackedFloat32Array(0, 0)
}
point_count = 2

[sub_resource type="BoxShape3D" id="BoxShape3D_x4cke"]
size = Vector3(10, 20, 30)

[node name="Stage" type="Node"]

[node name="Static" parent="." instance=ExtResource("1_jeukd")]
Data = ExtResource("2_5dvfu")
InitialCameraSettings = ExtResource("3_35kks")

[node name="MainAct" type="Node3D" parent="."]

[node name="SpawnPosition" type="Node3D" parent="MainAct"]
metadata/_edit_lock_ = true

[node name="CharacterSpawn" parent="MainAct/SpawnPosition" instance=ExtResource("2_065fl")]

[node name="CullingTrigger" type="Node3D" parent="MainAct"]

[node name="Tower" parent="MainAct/CullingTrigger" instance=ExtResource("5_yejv7")]
transform = Transform3D(-0.258819, 0.25, 0.933013, -7.45058e-09, 0.965926, -0.258819, -0.965926, -0.0669873, -0.25, 241.9, -4.38637, -1069.97)
"Trigger Mode" = 2
"Exit Mode" = 2

[node name="CollisionShape3D" type="CollisionShape3D" parent="MainAct/CullingTrigger/Tower"]
transform = Transform3D(1, 0, 0, 0, 1, 0, 0, 0, 1, 0, 8, 0)
shape = SubResource("BoxShape3D_ypvwq")

[node name="Rukh1" type="Node3D" parent="MainAct"]
script = ExtResource("4_4rpxf")
startEnabled = true
saveVisibilityOnCheckpoint = true

[node name="SquarePillarFlyTrigger" parent="MainAct/Rukh1" instance=ExtResource("5_yejv7")]
transform = Transform3D(1, 0, 0, 0, 1, 0, 0, 0, 1, 0, 0.4, -14)
"Enter Mode" = 0

[node name="SquarePillarFly" parent="MainAct/Rukh1/SquarePillarFlyTrigger" instance=ExtResource("7_x6tsb")]
transform = Transform3D(1, 0, 0, 0, 1, 0, 0, 0, 1, 0, 1.06137, -10)

[node name="CollisionShape3D" type="CollisionShape3D" parent="MainAct/Rukh1/SquarePillarFlyTrigger"]
transform = Transform3D(1, 0, 0, 0, 1, 0, 0, 0, 1, 0, 8, 0)
shape = SubResource("BoxShape3D_ypvwq")

[node name="DashPanel" parent="MainAct/Rukh1" instance=ExtResource("8_qbwj7")]
transform = Transform3D(-0.996858, 0, 0.0792072, 0, 1, 0, -0.0792072, 0, -0.996858, 0.330421, 1.46812, -26.7448)

[node name="Rings1" type="Node3D" parent="MainAct/Rukh1"]
transform = Transform3D(-0.996858, 2.32709e-10, 0.0792072, 0.00199878, 0.999681, 0.0251555, -0.079182, 0.0252348, -0.996541, 0.330421, 2.19872, -27.1899)
script = ExtResource("9_v4ux6")
Generate = false
Source = ExtResource("10_250we")
Amount = 7
Shape = 2
Path = NodePath("../../../Static/Paths/Rukh1")
"Path Progress Offset" = 0.0
"Disable Path Y" = false
Spacing = 2.5
"Horizontal Offset" = null
"Vertical Offset" = null

[node name="Child01" parent="MainAct/Rukh1/Rings1" instance=ExtResource("10_250we")]
transform = Transform3D(1, 4.65661e-10, 0, 0, 1, 3.72529e-09, 0, 0, 1, 1.19209e-06, -3.57628e-07, 1.52588e-05)

[node name="Child02" parent="MainAct/Rukh1/Rings1" instance=ExtResource("10_250we")]
transform = Transform3D(1, 4.65661e-10, 0, 0, 1, 3.72529e-09, 0, 0, 1, 0.197809, -0.0242422, 2.48952)

[node name="Child03" parent="MainAct/Rukh1/Rings1" instance=ExtResource("10_250we")]
transform = Transform3D(1, 4.65661e-10, 0, 0, 1, 3.72529e-09, 0, 0, 1, 0.395643, -0.0449152, 4.97934)

[node name="Child04" parent="MainAct/Rukh1/Rings1" instance=ExtResource("10_250we")]
transform = Transform3D(1, 4.65661e-10, 0, 0, 1, 3.72529e-09, 0, 0, 1, 0.593494, -0.0623803, 7.46939)

[node name="Child05" parent="MainAct/Rukh1/Rings1" instance=ExtResource("10_250we")]
transform = Transform3D(1, 4.65661e-10, 0, 0, 1, 3.72529e-09, 0, 0, 1, 0.791363, -0.0769585, 9.95965)

[node name="Child06" parent="MainAct/Rukh1/Rings1" instance=ExtResource("10_250we")]
transform = Transform3D(1, 4.65661e-10, 0, 0, 1, 3.72529e-09, 0, 0, 1, 0.989245, -0.0889386, 12.4501)

[node name="Child07" parent="MainAct/Rukh1/Rings1" instance=ExtResource("10_250we")]
transform = Transform3D(1, 4.65661e-10, 0, 0, 1, 3.72529e-09, 0, 0, 1, 1.18715, -0.0985849, 14.9408)

[node name="Rings2" type="Node3D" parent="MainAct/Rukh1"]
transform = Transform3D(-0.996858, 3.84758e-09, 0.0792072, 0.0262313, 0.94357, 0.330133, -0.0747376, 0.331173, -0.940606, 0.0539802, 3.86002, -77.5179)
script = ExtResource("9_v4ux6")
Generate = false
Source = ExtResource("10_250we")
Amount = 4
Shape = 2
Path = NodePath("../../../Static/Paths/Rukh1")
"Path Progress Offset" = 0.0
"Disable Path Y" = false
Spacing = 2.9
"Horizontal Offset" = null
"Vertical Offset" = null

[node name="Child01" parent="MainAct/Rukh1/Rings2" instance=ExtResource("10_250we")]
transform = Transform3D(1, -1.86265e-09, 0, 0, 1, 0, 0, 0, 1, 4.76837e-07, -1.90735e-06, 7.62939e-06)

[node name="Child02" parent="MainAct/Rukh1/Rings2" instance=ExtResource("10_250we")]
transform = Transform3D(1, -1.86265e-09, 0, 0, 1, 0, 0, 0, 1, 0.225203, -0.571877, 2.83427)

[node name="Child03" parent="MainAct/Rukh1/Rings2" instance=ExtResource("10_250we")]
transform = Transform3D(1, -1.86265e-09, 0, 0, 1, 0, 0, 0, 1, 0.450399, -1.1442, 5.66847)

[node name="Child04" parent="MainAct/Rukh1/Rings2" instance=ExtResource("10_250we")]
transform = Transform3D(1, -1.86265e-09, 0, 0, 1, 0, 0, 0, 1, 0.675588, -1.71718, 8.50256)

[node name="BlueMajin" parent="MainAct/Rukh1" instance=ExtResource("11_427b8")]
transform = Transform3D(1, 0, 0, 0, 1, 0, 0, 0, 1, 0.210865, 3.6531, -79.0599)

[node name="BlueMajin2" parent="MainAct/Rukh1" instance=ExtResource("11_427b8")]
transform = Transform3D(1, 0, 0, 0, 1, 0, 0, 0, 1, -0.764742, 5.16764, -82.2488)

[node name="Rings3" type="Node3D" parent="MainAct/Rukh1"]
transform = Transform3D(-0.996858, 4.55748e-09, 0.0792072, 0.00279607, 0.999377, 0.0351898, -0.0791579, 0.0353007, -0.996237, 0.346678, 5.75389, -106.775)
script = ExtResource("9_v4ux6")
Generate = false
Source = ExtResource("10_250we")
Amount = 3
Shape = 2
Path = NodePath("../../../Static/Paths/Rukh1")
"Path Progress Offset" = 0.0
"Disable Path Y" = false
Spacing = 3.0
"Horizontal Offset" = null
"Vertical Offset" = null

[node name="Child01" parent="MainAct/Rukh1/Rings3" instance=ExtResource("10_250we")]
transform = Transform3D(1, -4.65661e-10, 0, -4.65661e-10, 1, 0, 0, 0, 1, -1.90735e-06, 9.53674e-07, -2.28882e-05)

[node name="Child02" parent="MainAct/Rukh1/Rings3" instance=ExtResource("10_250we")]
transform = Transform3D(1, -4.65661e-10, 0, -4.65661e-10, 1, 0, 0, 0, 1, 0.237472, -0.143345, 2.98869)

[node name="Child03" parent="MainAct/Rukh1/Rings3" instance=ExtResource("10_250we")]
transform = Transform3D(1, -4.65661e-10, 0, -4.65661e-10, 1, 0, 0, 0, 1, 0.474946, -0.290958, 5.97742)

[node name="GargoyleStatic" parent="MainAct/Rukh1" instance=ExtResource("18_7b7on")]
transform = Transform3D(-0.0548282, 0, 0.998496, 0, 1, 0, -0.998496, 0, -0.0548282, -2.71884, 4.95147, -112.909)

[node name="GargoyleStatic2" parent="MainAct/Rukh1" instance=ExtResource("18_7b7on")]
transform = Transform3D(0.0415444, 0, -0.999137, 0, 1, 0, 0.999137, 0, 0.0415444, 2.90734, 4.95147, -112.909)

[node name="DashPanel2" parent="MainAct/Rukh1" instance=ExtResource("8_qbwj7")]
transform = Transform3D(-0.962085, 0, 0.27275, 0, 1, 0, -0.27275, 0, -0.962085, -2.17432, 4.89787, -115.393)
sfxPlayer = NodePath("../DashPanel/SFX")

[node name="GargoyleStatic3" parent="MainAct/Rukh1" instance=ExtResource("18_7b7on")]
transform = Transform3D(-0.0548282, 0, 0.998496, 0, 1, 0, -0.998496, 0, -0.0548282, -2.71884, 5.31807, -123.849)

[node name="GargoyleStatic4" parent="MainAct/Rukh1" instance=ExtResource("18_7b7on")]
transform = Transform3D(0.0415444, 0, -0.999137, 0, 1, 0, 0.999137, 0, 0.0415444, 2.90734, 5.31807, -123.849)

[node name="GargoylePlatform" parent="MainAct/Rukh1" instance=ExtResource("19_efhpe")]
transform = Transform3D(0.999342, 0, 0.0362774, 0, 1, 0, -0.0362774, 0, 0.999342, 3.18704, 6.73466, -139.041)

[node name="RichRing" parent="MainAct/Rukh1" instance=ExtResource("19_tcciv")]
transform = Transform3D(1, 0, 0, 0, 1, 0, 0, 0, 1, 3.28035, 9.66129, -139.027)

[node name="GargoyleStatic5" parent="MainAct/Rukh1" instance=ExtResource("18_7b7on")]
transform = Transform3D(-0.0454852, 0, 0.998965, 0, 1, 0, -0.998965, 0, -0.0454852, -2.91095, 6.70428, -139.321)

[node name="BlueMajin3" parent="MainAct/Rukh1" instance=ExtResource("11_427b8")]
transform = Transform3D(1, 0, 0, 0, 1, 0, 0, 0, 1, 0.178033, 8.33238, -145.732)

[node name="BlueMajin4" parent="MainAct/Rukh1" instance=ExtResource("11_427b8")]
transform = Transform3D(1, 0, 0, 0, 1, 0, 0, 0, 1, 0.103273, 11.2739, -154.889)

[node name="BlueMajin5" parent="MainAct/Rukh1" instance=ExtResource("11_427b8")]
transform = Transform3D(1, 0, 0, 0, 1, 0, 0, 0, 1, -2.9338, 12.0116, -157.179)

[node name="DashPanel3" parent="MainAct/Rukh1" instance=ExtResource("8_qbwj7")]
transform = Transform3D(-0.992548, -0.0269518, 0.118832, -0.0565012, 0.96585, -0.252867, -0.107959, -0.257697, -0.960176, -1.74014, 10.4598, -168.076)
sfxPlayer = NodePath("../DashPanel/SFX")

[node name="BlueMajin6" parent="MainAct/Rukh1" instance=ExtResource("11_427b8")]
transform = Transform3D(1, 0, 0, 0, 1, 0, 0, 0, 1, -2.13763, 8.77495, -189.401)

[node name="BlueMajin7" parent="MainAct/Rukh1" instance=ExtResource("11_427b8")]
transform = Transform3D(0.977253, 0, 0.212075, 0, 1, 0, -0.212075, 0, 0.977253, 1.35233, 12.1069, -197.709)

[node name="BlueMajin8" parent="MainAct/Rukh1" instance=ExtResource("11_427b8")]
transform = Transform3D(0.98703, 0, 0.160536, 0, 1, 0, -0.160536, 0, 0.98703, -0.637001, 15.5261, -205.125)

[node name="BlueMajin9" parent="MainAct/Rukh1" instance=ExtResource("11_427b8")]
transform = Transform3D(0.98703, 0, 0.160536, 0, 1, 0, -0.160536, 0, 0.98703, -6.34411, 16.1318, -210.29)

[node name="Rings4" type="Node3D" parent="MainAct/Rukh1"]
transform = Transform3D(0.965513, -0.00386451, -0.260325, 0.0188676, 0.998299, 0.0551581, 0.259669, -0.0581676, 0.963944, -6.12553, 18.5052, -214.329)
script = ExtResource("9_v4ux6")
Generate = false
Source = ExtResource("10_250we")
Amount = 10
Shape = 0
Orientation = 0
Spacing = 1.8
"Horizontal Offset" = null
"Vertical Offset" = null

[node name="Child01" parent="MainAct/Rukh1/Rings4" instance=ExtResource("10_250we")]

[node name="Child02" parent="MainAct/Rukh1/Rings4" instance=ExtResource("10_250we")]
transform = Transform3D(1, 0, 0, 0, 1, 0, 0, 0, 1, 0, 0, -1.8)

[node name="Child03" parent="MainAct/Rukh1/Rings4" instance=ExtResource("10_250we")]
transform = Transform3D(1, 0, 0, 0, 1, 0, 0, 0, 1, 0, 0, -3.6)

[node name="Child04" parent="MainAct/Rukh1/Rings4" instance=ExtResource("10_250we")]
transform = Transform3D(1, 0, 0, 0, 1, 0, 0, 0, 1, 0, 0, -5.4)

[node name="Child05" parent="MainAct/Rukh1/Rings4" instance=ExtResource("10_250we")]
transform = Transform3D(1, 0, 0, 0, 1, 0, 0, 0, 1, 0, 0, -7.2)

[node name="Child06" parent="MainAct/Rukh1/Rings4" instance=ExtResource("10_250we")]
transform = Transform3D(1, 0, 0, 0, 1, 0, 0, 0, 1, 0, 0, -9)

[node name="Child07" parent="MainAct/Rukh1/Rings4" instance=ExtResource("10_250we")]
transform = Transform3D(1, 0, 0, 0, 1, 0, 0, 0, 1, 0, 0, -10.8)

[node name="Child08" parent="MainAct/Rukh1/Rings4" instance=ExtResource("10_250we")]
transform = Transform3D(1, 0, 0, 0, 1, 0, 0, 0, 1, 0, 0, -12.6)

[node name="Child09" parent="MainAct/Rukh1/Rings4" instance=ExtResource("10_250we")]
transform = Transform3D(1, 0, 0, 0, 1, 0, 0, 0, 1, 0, 0, -14.4)

[node name="Child10" parent="MainAct/Rukh1/Rings4" instance=ExtResource("10_250we")]
transform = Transform3D(1, 0, 0, 0, 1, 0, 0, 0, 1, 0, 0, -16.2)

[node name="Rings5" type="Node3D" parent="MainAct/Rukh1"]
transform = Transform3D(0.990786, -0.0260688, 0.132903, 0.013837, 0.99565, 0.0921413, -0.134727, -0.0894533, 0.986837, -0.648772, 16.7907, -242.429)
script = ExtResource("9_v4ux6")
Generate = false
Source = ExtResource("10_250we")
Amount = 10
Shape = 0
Orientation = 0
Spacing = 1.9
"Horizontal Offset" = null
"Vertical Offset" = null

[node name="Child01" parent="MainAct/Rukh1/Rings5" instance=ExtResource("10_250we")]

[node name="Child02" parent="MainAct/Rukh1/Rings5" instance=ExtResource("10_250we")]
transform = Transform3D(1, 0, 0, 0, 1, 0, 0, 0, 1, 0, 0, -1.9)

[node name="Child03" parent="MainAct/Rukh1/Rings5" instance=ExtResource("10_250we")]
transform = Transform3D(1, 0, 0, 0, 1, 0, 0, 0, 1, 0, 0, -3.8)

[node name="Child04" parent="MainAct/Rukh1/Rings5" instance=ExtResource("10_250we")]
transform = Transform3D(1, 0, 0, 0, 1, 0, 0, 0, 1, 0, 0, -5.7)

[node name="Child05" parent="MainAct/Rukh1/Rings5" instance=ExtResource("10_250we")]
transform = Transform3D(1, 0, 0, 0, 1, 0, 0, 0, 1, 0, 0, -7.6)

[node name="Child06" parent="MainAct/Rukh1/Rings5" instance=ExtResource("10_250we")]
transform = Transform3D(1, 0, 0, 0, 1, 0, 0, 0, 1, 0, 0, -9.5)

[node name="Child07" parent="MainAct/Rukh1/Rings5" instance=ExtResource("10_250we")]
transform = Transform3D(1, 0, 0, 0, 1, 0, 0, 0, 1, 0, 0, -11.4)

[node name="Child08" parent="MainAct/Rukh1/Rings5" instance=ExtResource("10_250we")]
transform = Transform3D(1, 0, 0, 0, 1, 0, 0, 0, 1, 0, 0, -13.3)

[node name="Child09" parent="MainAct/Rukh1/Rings5" instance=ExtResource("10_250we")]
transform = Transform3D(1, 0, 0, 0, 1, 0, 0, 0, 1, 0, 0, -15.2)

[node name="Child10" parent="MainAct/Rukh1/Rings5" instance=ExtResource("10_250we")]
transform = Transform3D(1, 0, 0, 0, 1, 0, 0, 0, 1, 0, 0, -17.1)

[node name="DashPanel4" parent="MainAct/Rukh1" instance=ExtResource("8_qbwj7")]
transform = Transform3D(-0.972537, -0.0400305, -0.229279, -0.12416, 0.922455, 0.365598, 0.196865, 0.384025, -0.902092, -0.76367, 10.4903, -195.886)
sfxPlayer = NodePath("../DashPanel/SFX")

[node name="GrindPillarStatic" parent="MainAct/Rukh1" instance=ExtResource("15_oja87")]
transform = Transform3D(0.999755, 0.00461863, -0.0216416, 0, 0.977977, 0.208714, 0.022129, -0.208663, 0.977737, -6.49758, 15.33, -212.491)

[node name="Grindrail" parent="MainAct/Rukh1" instance=ExtResource("16_8bsas")]
transform = Transform3D(0.965187, -0.00243789, -0.261551, 0.0178931, 0.99823, 0.0567255, 0.260949, -0.0594306, 0.963521, -6.54216, 17.7553, -212.8)

[node name="Grindrail2" parent="MainAct/Rukh1" instance=ExtResource("17_8qnjt")]
transform = Transform3D(0.743168, -9.30936e-10, -0.669105, 0.011841, 0.999843, 0.0131516, 0.669, -0.0176967, 0.743052, -1.20156, 16.6144, -231.991)

[node name="RoundPillar" parent="MainAct/Rukh1" instance=ExtResource("18_3nm5m")]
transform = Transform3D(1, 0, 0, 0, 1, 0, 0, 0, 1, -1.26274, 9.6529, -232.019)

[node name="RoundPillar2" parent="MainAct/Rukh1" instance=ExtResource("18_3nm5m")]
transform = Transform3D(1, 0, 0, 0, 1, 0, 0, 0, 1, 5.78385, 9.32139, -239.693)

[node name="RoundPillar3" parent="MainAct/Rukh1" instance=ExtResource("18_3nm5m")]
transform = Transform3D(1, 0, 0, 0, 1, 0, 0, 0, 1, -0.249984, 9.32139, -240.762)

[node name="BlueMajin10" parent="MainAct/Rukh1" instance=ExtResource("11_427b8")]
transform = Transform3D(0.996696, 0, 0.0812253, 0, 1, 0, -0.0812253, 0, 0.996696, 2.38826, 9.70134, -237.615)

[node name="BlueMajin11" parent="MainAct/Rukh1" instance=ExtResource("11_427b8")]
transform = Transform3D(0.963556, 0, 0.267507, 0, 1, 0, -0.267507, 0, 0.963556, 2.48331, 11.0443, -244.604)

[node name="Grindrail3" parent="MainAct/Rukh1" instance=ExtResource("16_8bsas")]
transform = Transform3D(0.990353, 0.00227962, 0.138552, -0.0151072, 0.995681, 0.0916024, -0.137745, -0.0928118, 0.98611, -0.394273, 16.3216, -240.901)
railModel = NodePath("")
startCap = NodePath("")
endCap = NodePath("")
collider = NodePath("")

[node name="GrindPillarStatic2" parent="MainAct/Rukh1" instance=ExtResource("15_oja87")]
transform = Transform3D(0.999755, 0.00461863, -0.0216416, 0, 0.977977, 0.208714, 0.022129, -0.208663, 0.977737, -3.16512, 11.9455, -259.963)

[node name="DashPanel5" parent="MainAct/Rukh1" instance=ExtResource("8_qbwj7")]
transform = Transform3D(-0.999954, -0.000203047, -0.00961072, 0.00199465, 0.973635, -0.228104, 0.00940365, -0.228113, -0.973589, 0.153241, 10.3695, -267.385)
sfxPlayer = NodePath("../DashPanel/SFX")

[node name="Rings6" type="Node3D" parent="MainAct/Rukh1"]
transform = Transform3D(-0.999962, 2.26692e-10, -0.00874411, 0.000919472, 0.994456, -0.105149, 0.00869564, -0.105153, -0.994418, -0.0593941, 10.3695, -276.989)
script = ExtResource("9_v4ux6")
Generate = false
Source = ExtResource("10_250we")
Amount = 3
Shape = 2
Path = NodePath("../../../Static/Paths/Rukh1")
"Path Progress Offset" = 0.0
"Disable Path Y" = false
Spacing = 2.5
"Horizontal Offset" = null
"Vertical Offset" = null

[node name="Child01" parent="MainAct/Rukh1/Rings6" instance=ExtResource("10_250we")]
transform = Transform3D(1, 5.82077e-11, 9.31323e-10, 0, 1, 0, 0, -7.45058e-09, 1, 7.15256e-07, 0, -9.15527e-05)

[node name="Child02" parent="MainAct/Rukh1/Rings6" instance=ExtResource("10_250we")]
transform = Transform3D(1, 2.32831e-10, 2.79397e-09, 0, 1, 0, 0, -1.49012e-08, 1, -0.0249903, -0.00919342, 2.60358)

[node name="Child03" parent="MainAct/Rukh1/Rings6" instance=ExtResource("10_250we")]
transform = Transform3D(1, 6.40284e-10, 5.58794e-09, 0, 1, 0, 0, -3.72529e-08, 1, -0.0479527, -0.377052, 5.05203)

[node name="GrindPillarFlyTrigger" parent="MainAct/Rukh1" instance=ExtResource("5_yejv7")]
transform = Transform3D(1, 0, 0, 0, 1, 0, 0, 0, 1, 0, 1.8, -52)
"Enter Mode" = 0

[node name="GrindPillarFly1" parent="MainAct/Rukh1/GrindPillarFlyTrigger" instance=ExtResource("8_6mhfy")]
transform = Transform3D(1, 0, 0, 0, 1, 0, 0, 0, 1, -1.7, 0.185524, -20)

[node name="GrindPillarFly2" parent="MainAct/Rukh1/GrindPillarFlyTrigger" instance=ExtResource("8_6mhfy")]
transform = Transform3D(1, 0, 0, 0, 1, 0, 0, 0, 1, 1.7, 0.185524, -20)

[node name="CollisionShape3D" type="CollisionShape3D" parent="MainAct/Rukh1/GrindPillarFlyTrigger"]
transform = Transform3D(1, 0, 0, 0, 1, 0, 0, 0, 1, 0, 8, 0)
shape = SubResource("BoxShape3D_ypvwq")

[node name="JumpPanel" parent="MainAct/Rukh1" instance=ExtResource("5_2txni")]
transform = Transform3D(-1, 0, 8.74228e-08, 0, 1, 0, -8.74228e-08, 0, -1, -4.37114e-07, 8.4, -286)
middleHeight = 10.0
finalHeight = -20.0
distance = 47.0

[node name="LaunchRing1" parent="MainAct/Rukh1" instance=ExtResource("6_s2poe")]
transform = Transform3D(-0.182235, 0.851524, -0.491627, 0, 0.5, 0.866025, 0.983255, 0.157821, -0.0911177, 0, -10, -333)
"Secondary Settings/Middle Height" = 15.0
"Secondary Settings/Final Height" = 0.0
"Secondary Settings/Distance" = 92.0
middleHeight = 10.0
finalHeight = 1.0
distance = 80.0
launchDirection = 2

[node name="Cam" type="Node3D" parent="MainAct/Rukh1/LaunchRing1"]
transform = Transform3D(0.182236, -1.56462e-07, -0.983255, -0.851524, 0.5, -0.15782, 0.491628, 0.866026, 0.0911175, 46.213, 16.6175, 11.6524)
script = ExtResource("8_xcxgd")
transitionTime = 1.0
deactivationTransitionTime = 0.5
settings = ExtResource("9_b6tta")
previousSettings = ExtResource("11_kaap7")

[node name="LaunchRingSpike" parent="MainAct/Rukh1" instance=ExtResource("7_txkek")]
transform = Transform3D(-0.414693, -0.64344, 0.64344, 0, 0.707107, 0.707107, -0.909961, 0.293232, -0.293232, -90, -10, -350)
"Secondary Settings/Middle Height" = 15.0
"Secondary Settings/Final Height" = 6.0
"Secondary Settings/Distance" = 72.0
launchDirection = 2

[node name="LaunchRing2" parent="MainAct/Rukh1" instance=ExtResource("6_s2poe")]
transform = Transform3D(-0.5, 0.612372, -0.612372, 0, 0.707107, 0.707107, 0.866025, 0.353553, -0.353553, -24, -4, -380)
"Secondary Settings/Final Height" = -15.0
"Secondary Settings/Distance" = 30.0
finalHeight = -20.0
distance = 25.0
launchDirection = 2

[node name="Path" type="Node3D" parent="MainAct/Rukh1/LaunchRing2" node_paths=PackedStringArray("path")]
script = ExtResource("9_kt1ho")
path = NodePath("../../../../Static/Paths/Rukh2")

[node name="Rukh2" type="Node3D" parent="MainAct"]
transform = Transform3D(1, 0, 0, 0, 1, 0, 0, 0, 1, -50, -20, -380)

[node name="Gate" parent="MainAct/Rukh2" instance=ExtResource("16_cr60c")]
transform = Transform3D(1.5, 0, 0, 0, 4, 0, 0, 0, 1.5, 0, 5, -115)
respawnAnimation = 2

[node name="Rukh3" type="Node3D" parent="MainAct"]
transform = Transform3D(1, 0, 0, 0, 1, 0, 0, 0, 1, -40, -100, -700)

[node name="Stone" parent="MainAct/Rukh3" instance=ExtResource("18_rpxg1")]
transform = Transform3D(1, 0, 0, 0, 1, 0, 0, 0, 1, -2.5, 16, -225)
shatterFlags = 18

[node name="Stone2" parent="MainAct/Rukh3" instance=ExtResource("18_rpxg1")]
transform = Transform3D(1, 0, 0, 0, 1, 0, 0, 0, 1, 2.5, 16, -225)
shatterFlags = 18

[node name="GargoylePlatform" parent="MainAct/Rukh3" instance=ExtResource("19_efhpe")]
transform = Transform3D(1, 0, 0, 0, 1, 0, 0, 0, 1, 0, 15, -232)

[node name="Gargoyle" parent="MainAct/Rukh3/GargoylePlatform" instance=ExtResource("19_78g2p")]

[node name="GargoyleStatic" parent="MainAct/Rukh3" instance=ExtResource("18_7b7on")]
transform = Transform3D(0.707107, 0, 0.707107, 0, 1, 0, -0.707107, 0, 0.707107, -5, 15, -230)

[node name="GargoyleStatic2" parent="MainAct/Rukh3" instance=ExtResource("18_7b7on")]
transform = Transform3D(0.707107, 0, -0.707107, 0, 1, 0, 0.707107, 0, 0.707107, 5, 15, -230)

[node name="EnemyStone" parent="MainAct/Rukh3" instance=ExtResource("18_w6abm")]
transform = Transform3D(3, 0, 0, 0, 3, 0, 0, 0, 3, 0, 18, -237.5)
enemyCount = 1

[node name="Rukh4" type="Node3D" parent="MainAct"]
transform = Transform3D(1, 0, 0, 0, 1, 0, 0, 0, 1, 650, -103, -1484)

[node name="Ivy1" parent="MainAct/Rukh4" instance=ExtResource("13_xqwht")]
transform = Transform3D(1, 0, 0, 0, 1, 0, 0, 0, 1, 0, 11.5, 32)
length = 11

[node name="Ivy2" parent="MainAct/Rukh4" instance=ExtResource("13_xqwht")]
transform = Transform3D(1, 0, 0, 0, 1, 0, 0, 0, 1, 0, 11.9, 43)
length = 9

[node name="Ivy3" parent="MainAct/Rukh4" instance=ExtResource("13_xqwht")]
transform = Transform3D(1, 0, 0, 0, 1, 0, 0, 0, 1, 0, 12.3, 52)
length = 7

[node name="Ivy4" parent="MainAct/Rukh4" instance=ExtResource("13_xqwht")]
transform = Transform3D(1, 0, 0, 0, 1, 0, 0, 0, 1, 0, 12.3, 58)
length = 8

[node name="LaunchRingSpike" parent="MainAct/Rukh4" instance=ExtResource("7_txkek")]
transform = Transform3D(1, 0, 0, 0, 1, 0, 0, 0, 1, 0, 7, 65)
"Secondary Settings/Middle Height" = 2.0
"Secondary Settings/Final Height" = 1.0

[node name="ZiplinePath" type="Path3D" parent="MainAct/Rukh4"]
transform = Transform3D(1, 0, 0, 0, 1, 0, 0, 0, 1, 0, 8.75, 85.5)
curve = SubResource("Curve3D_xwhik")

[node name="Zipline" parent="MainAct/Rukh4/ZiplinePath" instance=ExtResource("14_ym4ng")]

[node name="Tower" type="Node3D" parent="MainAct"]
transform = Transform3D(-1, 0, -8.74228e-08, 0, 1, 0, 8.74228e-08, 0, -1, 250, -30, -1375)
script = ExtResource("4_4rpxf")
saveVisibilityOnCheckpoint = true

[node name="TriggerData" type="Node3D" parent="MainAct/Tower"]

[node name="LoopPath" type="Node3D" parent="MainAct/Tower/TriggerData" node_paths=PackedStringArray("path")]
script = ExtResource("9_kt1ho")
path = NodePath("../../../../Static/Paths/TowerPath")
affectCamera = false

[node name="LoopLockout" type="Node3D" parent="MainAct/Tower/TriggerData"]
script = ExtResource("15_a5o6r")
lockoutData = ExtResource("16_4h2cm")

[node name="TopPath" type="Node3D" parent="MainAct/Tower/TriggerData" node_paths=PackedStringArray("path")]
script = ExtResource("9_kt1ho")
path = NodePath("../../../../Static/Paths/TowerTopPath")

[node name="BottomGate" parent="MainAct/Tower" instance=ExtResource("16_cr60c")]
transform = Transform3D(1, 0, 0, 0, 2, 0, 0, 0, 1, 0, 5.2, 10)

[node name="IvyShortcut" type="Node3D" parent="MainAct/Tower"]

[node name="SpikeBall" parent="MainAct/Tower/IvyShortcut" instance=ExtResource("16_8guxi")]
transform = Transform3D(1, 0, 0, 0, 1, 0, 0, 0, 1, 0, 12, -4)
Movement/Mode = 0

[node name="Ivy" parent="MainAct/Tower/IvyShortcut" instance=ExtResource("13_xqwht")]
transform = Transform3D(1, 0, 0, 0, 1, 0, 0, 0, 1, 0, 12, -4)
length = 8

[node name="Spring1" parent="MainAct/Tower/IvyShortcut" instance=ExtResource("15_q7qwf")]
transform = Transform3D(-1, -4.37114e-08, -7.57103e-08, 0, 0.866025, -0.5, 8.74228e-08, -0.5, -0.866025, 0, 7.5, 5.8)
middleHeight = 12.0
finalHeight = 9.0
distance = 12.0
voiceKey = &""

[node name="Spring2" parent="MainAct/Tower/IvyShortcut" instance=ExtResource("15_q7qwf")]
transform = Transform3D(0.5, -0.433013, -0.75, 0, 0.866025, -0.5, 0.866025, 0.25, 0.433013, 0, 16, -6)
middleHeight = 10.0
finalHeight = 8.0
distance = 9.0
voiceKey = &""

[node name="Spring1" parent="MainAct/Tower" instance=ExtResource("15_q7qwf")]
transform = Transform3D(1, 7.61939e-09, -3.32669e-10, -7.61939e-09, 0.996195, -0.0871557, -3.32669e-10, 0.0871557, 0.996195, 0, 0.299999, 0)
middleHeight = 9.0
finalHeight = 7.5
distance = 8.0
voiceKey = &""

[node name="Gate1" parent="MainAct/Tower" instance=ExtResource("16_cr60c")]
transform = Transform3D(0.353553, 0, 0.707107, 0, 2.1, 0, -0.353553, 0, 0.707107, 3.625, 8.00487, -7.25)

[node name="ItemBox" parent="MainAct/Tower" instance=ExtResource("18_6xh0d")]
transform = Transform3D(0.866025, 0, 0.5, 0, 1, 0, -0.5, 0, 0.866025, -7.60001, 8.5, -1)
"Spawn Settings/Spawn Pearls" = true
"Spawn Settings/Amount" = 50

[node name="Spring2" parent="MainAct/Tower" instance=ExtResource("15_q7qwf")]
transform = Transform3D(4.37114e-08, 0, 1, 0, 1, 0, -1, 0, 4.37114e-08, -1.5, 8.3, -7.6)
middleHeight = 10.0
finalHeight = 7.5
distance = 2.5
voiceKey = &""

[node name="Gate2" parent="MainAct/Tower" instance=ExtResource("16_cr60c")]
transform = Transform3D(-5.96046e-08, 0, 1, 0, 2.1, 0, -0.5, 0, -1.19209e-07, 0, 8.00489, -7.75)

[node name="IvyGroup" type="Node3D" parent="MainAct/Tower"]
transform = Transform3D(1, 0, 0, 0, 1, 0, 0, 0, 1, 7.735, 23, 0.136)

[node name="Ivy1" parent="MainAct/Tower/IvyGroup" instance=ExtResource("13_xqwht")]
"Secondary Settings/Middle Height" = 2.0
"Secondary Settings/Final Height" = 1.0
"Secondary Settings/Distance" = 2.0
maxRotation = 10.0

[node name="Ivy2" parent="MainAct/Tower/IvyGroup" instance=ExtResource("13_xqwht")]
transform = Transform3D(0.707107, 0, -0.707107, 0, 1, 0, 0.707107, 0, 0.707107, -2.58284, 0, 5.48279)
"Secondary Settings/Middle Height" = 2.0
"Secondary Settings/Final Height" = 1.0
"Secondary Settings/Distance" = 2.0
maxRotation = 10.0

[node name="Ivy3" parent="MainAct/Tower/IvyGroup" instance=ExtResource("13_xqwht")]
transform = Transform3D(-4.37114e-08, 0, -1, 0, 1, 0, 1, 0, -4.37114e-08, -7.7, 0, 7.5)
"Secondary Settings/Middle Height" = 2.0
"Secondary Settings/Final Height" = 1.0
"Secondary Settings/Distance" = 2.0
maxRotation = 10.0

[node name="Spring3" parent="MainAct/Tower" instance=ExtResource("15_q7qwf")]
transform = Transform3D(-1, 0, 0, 0, 1, 0, 0, 0, -1, -7.62842, 16.3, 1.34326)
middleHeight = 10.0
finalHeight = 7.5
distance = 2.5
voiceKey = &""

[node name="Gate3" parent="MainAct/Tower" instance=ExtResource("16_cr60c")]
transform = Transform3D(-0.5, 0, -1.62921e-07, 0, 2.1, 0, 8.14603e-08, 0, -1, -7.79999, 16.04, 0)

[node name="Stone1" parent="MainAct/Tower" instance=ExtResource("18_rpxg1")]
transform = Transform3D(-4.37114e-08, 0, -1, 0, 1, 0, 1, 0, -4.37114e-08, 0, 25, -7.66)

[node name="RichRing" parent="MainAct/Tower/Stone1" instance=ExtResource("19_tcciv")]

[node name="Stone2" parent="MainAct/Tower" instance=ExtResource("18_rpxg1")]
transform = Transform3D(-1, 0, 8.74228e-08, 0, 1, 0, -8.74228e-08, 0, -1, 7.70001, 25, 0.339966)

[node name="Spring4" parent="MainAct/Tower" instance=ExtResource("15_q7qwf")]
transform = Transform3D(-0.707107, 0, -0.707107, 0, 1, 0, 0.707107, 0, -0.707107, -4.39999, 24.3, 6.5)
middleHeight = 10.0
finalHeight = 7.5
distance = 2.5
voiceKey = &""

[node name="Gate4" parent="MainAct/Tower" instance=ExtResource("16_cr60c")]
transform = Transform3D(-0.353553, 0, -0.707107, 0, 2.1, 0, 0.353553, 0, -0.707107, -5.679, 16.0049, 5.65698)

[node name="Stone3" parent="MainAct/Tower" instance=ExtResource("18_rpxg1")]
transform = Transform3D(0.707107, 0, -0.707107, 0, 1, 0, 0.707107, 0, 0.707107, -5.42426, 33, -5.51868)

[node name="RichRing" parent="MainAct/Tower/Stone3" instance=ExtResource("19_tcciv")]

[node name="Stone4" parent="MainAct/Tower" instance=ExtResource("18_rpxg1")]
transform = Transform3D(-4.37114e-08, 0, -1, 0, 1, 0, 1, 0, -4.37114e-08, 0, 33, -7.66003)

[node name="RichRing" parent="MainAct/Tower/Stone4" instance=ExtResource("19_tcciv")]

[node name="Spring5" parent="MainAct/Tower" instance=ExtResource("15_q7qwf")]
transform = Transform3D(0.866025, 0, 0.5, 0, 1, 0, -0.5, 0, 0.866025, 6.5, 32.3, -4.5)
middleHeight = 10.0
finalHeight = 7.5
distance = 2.5
voiceKey = &""

[node name="Gate5" parent="MainAct/Tower" instance=ExtResource("16_cr60c")]
transform = Transform3D(-0.469847, 0, -0.34202, 0, 2.1, 0, 0.17101, 0, -0.939692, 7.74001, 32.005, -3)

[node name="Goal" parent="MainAct/Tower" instance=ExtResource("23_iw0rv")]
transform = Transform3D(-1, 0, -8.74228e-08, 0, 1, 0, 8.74228e-08, 0, -1, 0, 48, 16)

[node name="CollisionShape3D" type="CollisionShape3D" parent="MainAct/Tower/Goal"]
transform = Transform3D(1, 0, 0, 0, 1, 0, 0, 0, 1, 0, -4, 3)
shape = SubResource("BoxShape3D_ypvwq")

[node name="WindTrigger1" parent="." instance=ExtResource("5_yejv7")]
transform = Transform3D(1, 0, 0, 0, 1, 0, 0, 0, 1, 0, 0.6, -19)
"Trigger Mode" = 2
"Enter Mode" = 0
"Exit Mode" = 0

[node name="WindTrigger" parent="WindTrigger1" instance=ExtResource("31_jvmbg")]

[node name="CollisionShape3D" type="CollisionShape3D" parent="WindTrigger1"]
transform = Transform3D(1, 0, 0, 0, 1, 0, 0, 0, 1, 0, 5, 0)
shape = SubResource("BoxShape3D_x4cke")

[connection signal="Activated" from="MainAct/CullingTrigger/Tower" to="MainAct/Tower" method="Activate"]
[connection signal="Deactivated" from="MainAct/CullingTrigger/Tower" to="MainAct/Tower" method="Deactivate"]
[connection signal="Activated" from="MainAct/Rukh1/SquarePillarFlyTrigger" to="MainAct/Rukh1/SquarePillarFlyTrigger/SquarePillarFly" method="Activate"]
[connection signal="Activated" from="MainAct/Rukh1/GrindPillarFlyTrigger" to="MainAct/Rukh1/GrindPillarFlyTrigger/GrindPillarFly1" method="Activate"]
[connection signal="Activated" from="MainAct/Rukh1/GrindPillarFlyTrigger" to="MainAct/Rukh1/GrindPillarFlyTrigger/GrindPillarFly2" method="Activate"]
[connection signal="Activated" from="MainAct/Rukh1/JumpPanel" to="Static/Collision/OneWayWall" method="Deactivate"]
[connection signal="Deactivated" from="MainAct/Rukh1/JumpPanel" to="Static/Collision/OneWayWall" method="Activate"]
[connection signal="Activated" from="MainAct/Rukh1/LaunchRing1" to="MainAct/Rukh1/LaunchRing1/Cam" method="Activate"]
[connection signal="Deactivated" from="MainAct/Rukh1/LaunchRing1" to="MainAct/Rukh1/LaunchRing1/Cam" method="Deactivate"]
[connection signal="Entered" from="MainAct/Rukh1/LaunchRing1" to="Static/Visuals/Rukh2" method="Activate"]
[connection signal="Entered" from="MainAct/Rukh1/LaunchRing1" to="Static/Visuals/Rukh2Event" method="Deactivate"]
[connection signal="Entered" from="MainAct/Rukh1/LaunchRingSpike" to="Static/Visuals/Rukh1" method="Deactivate"]
[connection signal="Entered" from="MainAct/Rukh1/LaunchRingSpike" to="Static/Visuals/Rukh1LOD" method="Activate"]
[connection signal="Entered" from="MainAct/Rukh1/LaunchRing2" to="MainAct/Rukh1/LaunchRing2/Path" method="Activate"]
[connection signal="Defeated" from="MainAct/Rukh3/GargoylePlatform/Gargoyle" to="MainAct/Rukh3/EnemyStone" method="IncrementCounter"]
[connection signal="Activated" from="MainAct/Tower/IvyShortcut/Spring1" to="Static/Triggers/Camera/TowerCameras" method="Activate"]
[connection signal="Activated" from="MainAct/Tower/IvyShortcut/Spring2" to="Static/Collision/OneWayWall" method="Deactivate"]
[connection signal="Deactivated" from="MainAct/Tower/IvyShortcut/Spring2" to="Static/Collision/OneWayWall" method="Activate"]
[connection signal="Deactivated" from="MainAct/Tower/IvyShortcut/Spring2" to="MainAct/Tower/TriggerData/LoopPath" method="Activate"]
[connection signal="Deactivated" from="MainAct/Tower/IvyShortcut/Spring2" to="MainAct/Tower/TriggerData/LoopLockout" method="Activate"]
[connection signal="Activated" from="MainAct/Tower/Spring1" to="Static/Collision/OneWayWall" method="Deactivate"]
[connection signal="Activated" from="MainAct/Tower/Spring1" to="Static/Triggers/Camera/TowerCameras" method="Activate"]
[connection signal="Deactivated" from="MainAct/Tower/Spring1" to="Static/Collision/OneWayWall" method="Activate"]
[connection signal="Deactivated" from="MainAct/Tower/Spring1" to="MainAct/Tower/TriggerData/LoopPath" method="Activate"]
[connection signal="Deactivated" from="MainAct/Tower/Spring1" to="MainAct/Tower/TriggerData/LoopLockout" method="Activate"]
[connection signal="Activated" from="MainAct/Tower/Spring5" to="Static/Collision/OneWayWall" method="Deactivate"]
[connection signal="Activated" from="MainAct/Tower/Spring5" to="MainAct/Tower/TriggerData/LoopLockout" method="Deactivate"]
[connection signal="Activated" from="MainAct/Tower/Spring5" to="MainAct/Tower/TriggerData/TopPath" method="Activate"]
[connection signal="Deactivated" from="MainAct/Tower/Spring5" to="Static/Collision/OneWayWall" method="Activate"]

[editable path="Static"]
[editable path="Static/Collision"]
