[gd_scene load_steps=33 format=3 uid="uid://byovecvbub7lf"]

[ext_resource type="PackedScene" uid="uid://gnw1drjjo5gi" path="res://area/2 dino jungle/act 3/Static.tscn" id="1_i1hhe"]
[ext_resource type="Resource" uid="uid://d1mf7v1fq3kh7" path="res://resource/level data/dinosaur jungle/Act3Ring.tres" id="2_qs2u6"]
[ext_resource type="PackedScene" uid="uid://cjupypih0myxo" path="res://object/player/CharacterSpawn.tscn" id="3_t0vpa"]
[ext_resource type="Script" uid="uid://dd24u7rlj0dwl" path="res://addons/custom_nodes/script/ObjectGenerator.cs" id="5_5qgkc"]
[ext_resource type="PackedScene" uid="uid://c7l8mr7ubn848" path="res://object/stage/pickups/Ring.tscn" id="6_m7ns5"]
[ext_resource type="PackedScene" uid="uid://dermptym044v8" path="res://object/enemy/majin/data/dino jungle/RedMajin.tscn" id="8_g3ynl"]
[ext_resource type="PackedScene" uid="uid://b0uekqdfkbg6h" path="res://object/stage/common/ItemBox.tscn" id="10_hgi5c"]
[ext_resource type="Script" uid="uid://dx0a0rhyauccl" path="res://object/trigger/modules/CameraTrigger.cs" id="10_uaccj"]
[ext_resource type="PackedScene" uid="uid://68st06xyjgvp" path="res://object/stage/pickups/RichRing.tscn" id="11_5mjed"]
[ext_resource type="PackedScene" uid="uid://e43vdgi280co" path="res://area/2 dino jungle/object/rock/WaterRock.tscn" id="12_tybq2"]
[ext_resource type="PackedScene" uid="uid://b8m1x0tudbcbd" path="res://object/stage/common/Spring.tscn" id="12_xowlw"]
[ext_resource type="PackedScene" uid="uid://c85xw5ix60fe8" path="res://object/stage/common/Switch.tscn" id="13_i30wa"]
[ext_resource type="Script" uid="uid://dpt5o0lh62p6t" path="res://object/stage/MovingObject.cs" id="13_pbwnh"]
[ext_resource type="Script" uid="uid://kvlmbv66orqt" path="res://object/trigger/modules/CullingTrigger.cs" id="14_4sxsl"]
[ext_resource type="PackedScene" uid="uid://bqvtcp8tkbfyt" path="res://object/stage/common/SpikeBall.tscn" id="15_ojd7p"]
[ext_resource type="PackedScene" uid="uid://8imymng7so3h" path="res://object/enemy/majin/data/dino jungle/BlueMajin.tscn" id="16_vv7l1"]
[ext_resource type="PackedScene" uid="uid://cx36fswvjfblm" path="res://object/stage/destructable/EnemyStone.tscn" id="17_oc0to"]
[ext_resource type="PackedScene" uid="uid://dadka31wrx5f4" path="res://object/enemy/majin/data/dino jungle/GreenMajin.tscn" id="18_7rfl2"]
[ext_resource type="PackedScene" uid="uid://153wwjnd7nv6" path="res://object/stage/common/FlyingPot.tscn" id="19_37g7b"]
[ext_resource type="PackedScene" uid="uid://87lgwwefd4g4" path="res://object/stage/common/JumpPanel.tscn" id="19_aiunq"]
[ext_resource type="Resource" uid="uid://ctcjx8l5t1ppn" path="res://area/2 dino jungle/act 3/camera/RightCatapultCam.tres" id="19_hhytg"]
[ext_resource type="PackedScene" uid="uid://cc64d8h51jyx2" path="res://object/stage/common/ItemBoxFlying.tscn" id="20_cyl5y"]
[ext_resource type="PackedScene" uid="uid://cbpudluma1oux" path="res://object/stage/destructable/Crate.tscn" id="24_w4kk3"]
[ext_resource type="PackedScene" uid="uid://dxepb172kmp8n" path="res://object/stage/common/Goal.tscn" id="25_fc3np"]

[sub_resource type="BoxShape3D" id="BoxShape3D_o1y1f"]
size = Vector3(5, 3, 1)

[sub_resource type="Curve" id="Curve_i7p4i"]
_data = [Vector2(0, 0), 0.0, 4.01624, 0, 0, Vector2(0.5, 1), 0.0, 0.0, 0, 0, Vector2(1, 0), -4.62747, 0.0, 0, 0]
point_count = 3

[sub_resource type="Curve" id="Curve_47vqx"]
_limits = [-2.0, 2.0, 0.0, 1.0]
_data = [Vector2(0, 1.54336), 0.0, 5.71533, 0, 0, Vector2(1, -0.0513306), 12.1287, 0.0, 0, 0]
point_count = 2

[sub_resource type="Curve" id="Curve_7oqge"]
_limits = [-1.0, 1.0, 0.0, 1.0]
_data = [Vector2(0, 0), 0.0, 2.46379, 0, 0, Vector2(1, -1), -5.08357, -44889.6, 0, 1]
point_count = 2

[sub_resource type="Curve" id="Curve_c663e"]
_limits = [-2.0, 1.0, 0.0, 1.0]
_data = [Vector2(0, 2.98023e-08), 0.0, 5.71009, 0, 0, Vector2(0.3, 1), 0.0, 0.0, 0, 0, Vector2(0.7, -2), 0.0, 0.0, 0, 0, Vector2(1, 2.98023e-08), 15.5569, 0.0, 0, 0]
point_count = 4

[sub_resource type="Curve" id="Curve_57anh"]
_limits = [-2.0, 2.0, 0.0, 1.0]
_data = [Vector2(0, 2.98023e-08), 0.0, 8.07917, 0, 0, Vector2(0.2, 1.2), 0.0, 0.0, 0, 0, Vector2(0.7, -2), 0.0, 0.0, 0, 0, Vector2(1, 2.98023e-08), 9.48022, 0.0, 0, 0]
point_count = 4

[sub_resource type="Curve" id="Curve_0espd"]
_limits = [-1.0, 1.2, 0.0, 1.0]
_data = [Vector2(0, 0), 0.0, 5.99331, 0, 0, Vector2(0.24507, 1.2), 0.0, 0.0, 0, 0, Vector2(0.746479, -1), 0.0, 0.0, 0, 0, Vector2(1, 1.49012e-08), 5.95207, 0.0, 0, 0]
point_count = 4

[sub_resource type="Curve" id="Curve_fi5m3"]
_limits = [-5.0, 0.0, 0.0, 1.0]
_data = [Vector2(0.0112676, 0), 0.0, 2.53293, 0, 0, Vector2(0.388732, 0), -2.30266, -2.30266, 0, 0, Vector2(1, -3.5), -2.6333, 0.0, 0, 0]
point_count = 3

[node name="Stage" type="Node"]

[node name="Static" parent="." instance=ExtResource("1_i1hhe")]
Data = ExtResource("2_qs2u6")

[node name="Boat" parent="Static/Common/Object/BoatSection1" index="0"]
maxSpeed = 8.0

[node name="Boat2" parent="Static/Common/Object/DoubleBoatSection" index="1"]
maxSpeed = 8.0

[node name="Boat4" parent="Static/Common/Object/EndingBoatSection" index="0"]
maxSpeed = 8.0

[node name="CollisionShape3D" parent="Static/Common/Object/EndingBoatSection/EndR" index="2"]
transform = Transform3D(0.747415, -2.62075e-08, -0.664357, 3.06726e-08, 1, -4.94053e-09, 0.664357, -1.66849e-08, 0.747415, -0.120438, 0, 2.86115)
shape = SubResource("BoxShape3D_o1y1f")

[node name="CollisionShape3D" parent="Static/Common/Object/EndingBoatSection/EndL" index="2"]
transform = Transform3D(0.869236, -2.23117e-08, -0.494397, 1.87159e-08, 1, -1.22234e-08, 0.494397, 1.37198e-09, 0.869236, 0.748688, 0, 5.78191)
shape = SubResource("BoxShape3D_o1y1f")

[node name="Head" parent="Static/Common/Dino" index="2"]
transform = Transform3D(0.999979, -8.9407e-07, 0.00640272, 0.00640272, 0.000292879, -0.999979, -1.01328e-06, 1, 0.000292879, 1.33514e-05, 19.7418, 38.526)

[node name="DemoCamera" parent="Static" index="5"]
transform = Transform3D(-0.748955, 0, 0.662621, 0, 1, 0, -0.662621, 0, -0.748955, 119.668, 35.9585, -70.5782)

[node name="Camera" parent="Static/DemoCamera" index="0"]
transform = Transform3D(1, 0, 0, 0, 0.978148, 0.207912, 0, -0.207912, 0.978148, 0, 0, 0)

[node name="RingAct" type="Node3D" parent="."]

[node name="SpawnPosition" type="Node3D" parent="RingAct"]
transform = Transform3D(1, 0, 0, 0, 1, 0, 0, 0, 1, -30, -2, -5.5)
metadata/_edit_lock_ = true

[node name="CharacterSpawn" parent="RingAct/SpawnPosition" instance=ExtResource("3_t0vpa")]

[node name="LotusGroup" type="Node3D" parent="RingAct"]

[node name="Rings1" type="Node3D" parent="RingAct/LotusGroup"]
transform = Transform3D(-0.94137, 0, -0.337375, 0, 1, 0, 0.337375, 0, -0.94137, 6.1442, -1.38715, 22.8371)
script = ExtResource("5_5qgkc")
Source = ExtResource("6_m7ns5")
Amount = 4
Shape = 2
Path = NodePath("../../../Static/Path/LeftPath")
"Path Progress Offset" = 0.0
"Disable Path Y" = false
Spacing = 3.0
"Horizontal Offset" = null
"Vertical Offset" = null

[node name="Child01" parent="RingAct/LotusGroup/Rings1" instance=ExtResource("6_m7ns5")]
transform = Transform3D(1, 0, 0, 0, 1, 0, 0, 0, 1, 1.04904e-05, 1.19209e-07, 0.000116348)

[node name="Child02" parent="RingAct/LotusGroup/Rings1" instance=ExtResource("6_m7ns5")]
transform = Transform3D(1, 0, 0, 0, 1, 0, 0, 0, 1, -0.0479431, 1.19209e-07, -2.99197)

[node name="Child03" parent="RingAct/LotusGroup/Rings1" instance=ExtResource("6_m7ns5")]
transform = Transform3D(1, 0, 0, 0, 1, 0, 0, 0, 1, -0.0110731, 1.19209e-07, -5.98627)

[node name="Child04" parent="RingAct/LotusGroup/Rings1" instance=ExtResource("6_m7ns5")]
transform = Transform3D(1, 0, 0, 0, 1, 0, 0, 0, 1, 0.0872283, 1.19209e-07, -8.98075)

[node name="RedMajin" parent="RingAct/LotusGroup" instance=ExtResource("8_g3ynl")]
transform = Transform3D(-0.920298, 0, -0.391218, 0, 1, 0, 0.391218, 0, -0.920298, 24.2569, 4.46796, 64.876)
"Spawn Settings/Spawn Travel Time" = 1.3
"Spawn Settings/Spawn Delay" = 0.0
"Spawn Settings/Spawn Offset" = Vector3(19, 0, 9)
"Spawn Settings/Spawn In Offset" = Vector3(0, 0, 0)
"Spawn Settings/Spawn Out Offset" = Vector3(0, 0, 0)
"Rotation Settings/Track Player" = false
"Rotation Settings/Rotation Time" = 1.0
"Attack Settings/Flame Active Time" = 2.0
"Attack Settings/Flame Inactive Time" = 2.0
"Attack Settings/Flame Aggression Radius" = 25
rangeOverride = 28

[node name="GreenMajin2" parent="RingAct/LotusGroup" instance=ExtResource("18_7rfl2")]
transform = Transform3D(-0.963952, 0, -0.266078, 0, 1, 0, 0.266078, 0, -0.963952, 19.9784, 4.28721, 65.5884)

[node name="GreenMajin" parent="RingAct/LotusGroup" instance=ExtResource("18_7rfl2")]
transform = Transform3D(-0.963952, 0, -0.266078, 0, 1, 0, 0.266078, 0, -0.963952, 22.3233, 4.18721, 60.7801)

[node name="EnemyStone" parent="RingAct/LotusGroup" instance=ExtResource("17_oc0to")]
transform = Transform3D(0.998535, 0, -0.0541137, 0, 1, 0, 0.0541137, 0, 0.998535, 15.2848, 9.20529, 72.2952)
enemyCount = 3

[node name="EnemyStone2" parent="RingAct/LotusGroup" instance=ExtResource("17_oc0to")]
transform = Transform3D(0.998535, 0, -0.0541137, 0, 1, 0, 0.0541137, 0, 0.998535, 15.2848, 11.21, 72.2952)
enemyCount = 3

[node name="ItemBox" parent="RingAct/LotusGroup" instance=ExtResource("10_hgi5c")]
transform = Transform3D(-0.998372, 0, 0.0570413, 0, 1, 0, -0.0570413, 0, -0.998372, 15.2765, 8.738, 72.3007)
"Spawn Settings/Pickup Parent" = NodePath("RichRing")

[node name="RichRing" parent="RingAct/LotusGroup/ItemBox" instance=ExtResource("11_5mjed")]
transform = Transform3D(1, 0, 5.21541e-08, 0, 1, 0, -5.21541e-08, 0, 1, -1.31785, 0.561233, -5.0425)

[node name="RedMajin2" parent="RingAct/LotusGroup" instance=ExtResource("8_g3ynl")]
transform = Transform3D(-0.999577, 0, -0.0290788, 0, 1, 0, 0.0290788, 0, -0.999577, 22.8778, 2.50296, 97.3331)
"Spawn Settings/Spawn Travel Time" = 1.3
"Spawn Settings/Spawn Delay" = 0.0
"Spawn Settings/Spawn Offset" = Vector3(0, 18, 0)
"Spawn Settings/Spawn In Offset" = Vector3(0, 0, 0)
"Spawn Settings/Spawn Out Offset" = Vector3(0, 0, 0)
"Rotation Settings/Track Player" = false
"Rotation Settings/Rotation Time" = 1.0
"Attack Settings/Flame Active Time" = 2.0
"Attack Settings/Flame Inactive Time" = 2.0
"Attack Settings/Flame Aggression Radius" = 20
rangeOverride = 43

[node name="RedMajin3" parent="RingAct/LotusGroup" instance=ExtResource("8_g3ynl")]
transform = Transform3D(-0.983294, 0, 0.182024, 0, 1, 0, -0.182024, 0, -0.983294, 18.3637, 2.52471, 99.0937)
"Spawn Settings/Spawn Travel Time" = 1.3
"Spawn Settings/Spawn Delay" = 0.0
"Spawn Settings/Spawn Offset" = Vector3(18, 0, -3.86)
"Spawn Settings/Spawn In Offset" = Vector3(0, 0, 0)
"Spawn Settings/Spawn Out Offset" = Vector3(0, 0, 0)
"Rotation Settings/Track Player" = false
"Rotation Settings/Rotation Time" = 1.0
"Attack Settings/Flame Active Time" = 2.0
"Attack Settings/Flame Inactive Time" = 2.0
"Attack Settings/Flame Aggression Radius" = 20
rangeOverride = 60

[node name="Spring" parent="RingAct/LotusGroup" instance=ExtResource("12_xowlw")]
transform = Transform3D(-0.999559, -0.0154564, -0.0253217, 0, 0.853551, -0.52101, 0.0296663, -0.52078, -0.853175, 19.5452, 2.41112, 100.95)
MiddleHeight = 8.0
FinalHeight = 1.0
Distance = 22.0
voiceKey = &""

[node name="EnemyStone3" parent="RingAct/LotusGroup" instance=ExtResource("17_oc0to")]
transform = Transform3D(1, 0, 0, 0, 1, 0, 0, 0, 1, 21.3376, 4.23537, 80.9208)
enemyCount = 2

[node name="ItemBox2" parent="RingAct/LotusGroup" instance=ExtResource("10_hgi5c")]
transform = Transform3D(-0.9996, 0, 0.0282881, 0, 1, 0, -0.0282881, 0, -0.9996, 21.3056, 3.73536, 81.1676)
"Spawn Settings/Pickup Parent" = NodePath("RichRing")

[node name="RichRing" parent="RingAct/LotusGroup/ItemBox2" instance=ExtResource("11_5mjed")]
transform = Transform3D(1, 0, -5.58794e-09, 0, 1, 0, 5.58794e-09, 0, 1, -5.72205e-06, 0.288082, -3.87142)

[node name="WaterFall" type="Node3D" parent="RingAct"]
transform = Transform3D(1, 0, 0, 0, 1, 0, 0, 0, 1, 13.3003, 23.3747, 119.404)

[node name="BlueMajin" parent="RingAct/WaterFall" instance=ExtResource("16_vv7l1")]
transform = Transform3D(-0.706057, 0, 0.708155, 0, 1, 0, -0.708155, 0, -0.706057, -10.7893, -4.08512, 17.783)
rangeOverride = 30

[node name="MajinMover" type="Node3D" parent="RingAct/WaterFall"]
transform = Transform3D(-0.5, 0, 0.866025, 0, 1, 0, -0.866025, 0, -0.5, -19.0637, -7.9149, 25.7309)
script = ExtResource("13_pbwnh")
Movement/Mode = 1
"Movement/Cycle Length" = 3.0
"Movement/Starting Offset" = 0.15
Movement/Distance = 8.0
Movement/Angle = 0.0
"Vertical Orientation" = true
startPaused = true
root = NodePath("GreenMajin")

[node name="GreenMajin" parent="RingAct/WaterFall/MajinMover" instance=ExtResource("18_7rfl2")]
transform = Transform3D(1, 0, 0, 0, 1, 0, 0, 0, 1, 0, 1.728, 0)
"Rotation Settings/Track Player" = false
"Rotation Settings/Rotation Time" = 2.0
"Attack Settings/Attack Type" = 1
rangeOverride = 30

[node name="ItemBox" parent="RingAct/WaterFall" instance=ExtResource("10_hgi5c")]
transform = Transform3D(-0.197349, 0, 0.980333, 0, 1, 0, -0.980333, 0, -0.197349, -26.1714, 1.49658, 30.6651)
"Spawn Settings/Pickup Parent" = NodePath("RichRing")

[node name="RichRing" parent="RingAct/WaterFall/ItemBox" instance=ExtResource("11_5mjed")]
transform = Transform3D(1, 0, 0, 0, 1, 0, 0, 0, 1, 0, 0.227472, -3.55307)

[node name="Boat1" type="Node3D" parent="RingAct"]

[node name="Rings" type="Node3D" parent="RingAct/Boat1"]
transform = Transform3D(-0.99908, 0, 0.042887, 0, 1, 0, -0.042887, 0, -0.99908, -55.85, -5.187, 161.648)
script = ExtResource("5_5qgkc")
Source = ExtResource("6_m7ns5")
Amount = 4
Shape = 0
Orientation = 0
Spacing = 2.0
"Horizontal Offset" = SubResource("Curve_i7p4i")
"Vertical Offset" = null

[node name="Child01" parent="RingAct/Boat1/Rings" instance=ExtResource("6_m7ns5")]

[node name="Child02" parent="RingAct/Boat1/Rings" instance=ExtResource("6_m7ns5")]
transform = Transform3D(1, 0, 0, 0, 1, 0, 0, 0, 1, 0.88949, 0, -2)

[node name="Child03" parent="RingAct/Boat1/Rings" instance=ExtResource("6_m7ns5")]
transform = Transform3D(1, 0, 0, 0, 1, 0, 0, 0, 1, 0.912129, 0, -4)

[node name="Child04" parent="RingAct/Boat1/Rings" instance=ExtResource("6_m7ns5")]
transform = Transform3D(1, 0, 0, 0, 1, 0, 0, 0, 1, 0, 0, -6)

[node name="WaterRock" parent="RingAct/Boat1" instance=ExtResource("12_tybq2")]
transform = Transform3D(0.851116, 0, 0.524978, 0, 1, 0, -0.524978, 0, 0.851116, -54.7454, -3.30876, 164.618)

[node name="RichRing" parent="RingAct/Boat1/WaterRock" instance=ExtResource("11_5mjed")]
transform = Transform3D(0.789716, 0, -0.613472, 0, 1, 0, 0.613472, 0, 0.789716, 2.28014, -1.89542, 0.396133)

[node name="Rings2" type="Node3D" parent="RingAct/Boat1"]
transform = Transform3D(-0.998308, 0, 0.0581386, 0, 1, 0, -0.0581386, 0, -0.998308, -58.4699, -5.187, 193.28)
script = ExtResource("5_5qgkc")
Source = ExtResource("6_m7ns5")
Amount = 5
Shape = 0
Orientation = 0
Spacing = 2.5
"Horizontal Offset" = null
"Vertical Offset" = null

[node name="Child01" parent="RingAct/Boat1/Rings2" instance=ExtResource("6_m7ns5")]

[node name="Child02" parent="RingAct/Boat1/Rings2" instance=ExtResource("6_m7ns5")]
transform = Transform3D(1, 0, 0, 0, 1, 0, 0, 0, 1, 0, 0, -2.5)

[node name="Child03" parent="RingAct/Boat1/Rings2" instance=ExtResource("6_m7ns5")]
transform = Transform3D(1, 0, 0, 0, 1, 0, 0, 0, 1, 0, 0, -5)

[node name="Child04" parent="RingAct/Boat1/Rings2" instance=ExtResource("6_m7ns5")]
transform = Transform3D(1, 0, 0, 0, 1, 0, 0, 0, 1, 0, 0, -7.5)

[node name="Child05" parent="RingAct/Boat1/Rings2" instance=ExtResource("6_m7ns5")]
transform = Transform3D(1, 0, 0, 0, 1, 0, 0, 0, 1, 0, 0, -10)

[node name="Rings3" type="Node3D" parent="RingAct/Boat1"]
transform = Transform3D(-0.998308, 0, 0.0581386, 0, 1, 0, -0.0581386, 0, -0.998308, -55.2776, -5.187, 177.952)
script = ExtResource("5_5qgkc")
Source = ExtResource("6_m7ns5")
Amount = 5
Shape = 0
Orientation = 0
Spacing = 2.5
"Horizontal Offset" = null
"Vertical Offset" = null

[node name="Child01" parent="RingAct/Boat1/Rings3" instance=ExtResource("6_m7ns5")]

[node name="Child02" parent="RingAct/Boat1/Rings3" instance=ExtResource("6_m7ns5")]
transform = Transform3D(1, 0, 0, 0, 1, 0, 0, 0, 1, 0, 0, -2.5)

[node name="Child03" parent="RingAct/Boat1/Rings3" instance=ExtResource("6_m7ns5")]
transform = Transform3D(1, 0, 0, 0, 1, 0, 0, 0, 1, 0, 0, -5)

[node name="Child04" parent="RingAct/Boat1/Rings3" instance=ExtResource("6_m7ns5")]
transform = Transform3D(1, 0, 0, 0, 1, 0, 0, 0, 1, 0, 0, -7.5)

[node name="Child05" parent="RingAct/Boat1/Rings3" instance=ExtResource("6_m7ns5")]
transform = Transform3D(1, 0, 0, 0, 1, 0, 0, 0, 1, 0, 0, -10)

[node name="SpikeBall2" parent="RingAct/Boat1" instance=ExtResource("15_ojd7p")]
transform = Transform3D(-0.998308, 0, 0.0581386, 0, 1, 0, -0.0581386, 0, -0.998308, -49.295, -5.5, 179.514)
"Movement/Cycle Length" = 6.0
"Movement/Starting Offset" = 0.5
Movement/Distance = 14.0
Movement/Angle = -90.0

[node name="SpikeBall3" parent="RingAct/Boat1" instance=ExtResource("15_ojd7p")]
transform = Transform3D(-0.998308, 0, 0.0581386, 0, 1, 0, -0.0581386, 0, -0.998308, -49.937, -5.5, 184.603)
"Movement/Cycle Length" = 6.0
Movement/Distance = 14.0
Movement/Angle = -90.0

[node name="SpikeBall4" parent="RingAct/Boat1" instance=ExtResource("15_ojd7p")]
transform = Transform3D(-0.998308, 0, 0.0581386, 0, 1, 0, -0.0581386, 0, -0.998308, -51.4042, -5.5, 198.076)
"Movement/Cycle Length" = 4.0
"Movement/Starting Offset" = 0.8
Movement/Distance = 13.0
Movement/Angle = -90.0

[node name="Rings4" type="Node3D" parent="RingAct/Boat1"]
transform = Transform3D(-0.727377, 0, 0.686238, 0, 1, 0, -0.686238, 0, -0.727377, -59.825, 4, 214.293)
script = ExtResource("5_5qgkc")
Source = ExtResource("6_m7ns5")
Amount = 7
Shape = 0
Orientation = 1
Spacing = 3.0
"Horizontal Offset" = SubResource("Curve_47vqx")
"Vertical Offset" = null

[node name="Child01" parent="RingAct/Boat1/Rings4" instance=ExtResource("6_m7ns5")]
transform = Transform3D(1, 0, 0, 0, 1, 0, 0, 0, 1, 1.54336, 0, 0)

[node name="Child02" parent="RingAct/Boat1/Rings4" instance=ExtResource("6_m7ns5")]
transform = Transform3D(1, 0, 0, 0, 1, 0, 0, 0, 1, 1.80597, 3, 0)

[node name="Child03" parent="RingAct/Boat1/Rings4" instance=ExtResource("6_m7ns5")]
transform = Transform3D(1, 0, 0, 0, 1, 0, 0, 0, 1, 1.07822, 6, 0)

[node name="Child04" parent="RingAct/Boat1/Rings4" instance=ExtResource("6_m7ns5")]
transform = Transform3D(1, 0, 0, 0, 1, 0, 0, 0, 1, -0.0556525, 9, 0)

[node name="Child05" parent="RingAct/Boat1/Rings4" instance=ExtResource("6_m7ns5")]
transform = Transform3D(1, 0, 0, 0, 1, 0, 0, 0, 1, -1.01137, 12, 0)

[node name="Child06" parent="RingAct/Boat1/Rings4" instance=ExtResource("6_m7ns5")]
transform = Transform3D(1, 0, 0, 0, 1, 0, 0, 0, 1, -1.20469, 15, 0)

[node name="Child07" parent="RingAct/Boat1/Rings4" instance=ExtResource("6_m7ns5")]
transform = Transform3D(1, 0, 0, 0, 1, 0, 0, 0, 1, -0.0513306, 18, 0)

[node name="Switch" parent="RingAct/Boat1" instance=ExtResource("13_i30wa")]
transform = Transform3D(1, 0, 0, 0, 1, 0, 0, 0, 1, -87.0892, -1.54498, 219.034)

[node name="CullingTrigger" type="Node3D" parent="RingAct/Boat1/Switch"]
script = ExtResource("14_4sxsl")
respawnOnActivation = true

[node name="ItemBox" parent="RingAct/Boat1/Switch/CullingTrigger" instance=ExtResource("10_hgi5c")]
transform = Transform3D(1, 0, 0, 0, 1, 0, 0, 0, 1, -3.94492, 0.395303, -6.38875)
"Spawn Settings/Pickup Parent" = NodePath("RichRing")

[node name="RichRing" parent="RingAct/Boat1/Switch/CullingTrigger/ItemBox" instance=ExtResource("11_5mjed")]
transform = Transform3D(1, 0, 0, 0, 1, 0, 0, 0, 1, -0.644325, 0.285222, -11.6936)

[node name="GreenMajin" parent="RingAct/Boat1/Switch" instance=ExtResource("18_7rfl2")]
transform = Transform3D(1, 0, 0, 0, 1, 0, 0, 0, 1, 0, 0.270312, 0)
rangeOverride = 10

[node name="SpikeBall" parent="RingAct/Boat1" instance=ExtResource("15_ojd7p")]
transform = Transform3D(1, 0, 0, 0, 1, 0, 0, 0, 1, -54.765, -5.5, 164.847)
Movement/Mode = 2
"Movement/Cycle Length" = -8.0
"Movement/Horizontal Size" = 0.0
"Movement/Vertical Size" = 0.0
Movement/Radius = 2.2

[node name="SpringPath" type="Node3D" parent="RingAct"]
transform = Transform3D(1, 0, 0, 0, 1, 0, 0, 0, 1, -31.1046, 18.5121, 83.8569)

[node name="GreenMajin" parent="RingAct/SpringPath" instance=ExtResource("18_7rfl2")]
transform = Transform3D(0.993138, 0, -0.116948, 0, 1, 0, 0.116948, 0, 0.993138, -1.66539, -3.7205, 1.34948)

[node name="RedMajin" parent="RingAct/SpringPath" instance=ExtResource("8_g3ynl")]
transform = Transform3D(0.998134, 0, -0.061066, 0, 1, 0, 0.061066, 0, 0.998134, -0.161163, -1.46323, -0.904526)
"Attack Settings/Flame Active Time" = 7.0
"Attack Settings/Flame Inactive Time" = 2.0
"Attack Settings/Flame Aggression Radius" = 10

[node name="EnemyStone" parent="RingAct/SpringPath" instance=ExtResource("17_oc0to")]
transform = Transform3D(0.983553, 0, -0.180622, 0, 1, 0, 0.180622, 0, 0.983553, -0.00967216, -2.95863, -0.708801)
enemyCount = 2

[node name="ItemBox" parent="RingAct/SpringPath" instance=ExtResource("10_hgi5c")]
transform = Transform3D(0.989706, 0, -0.143113, 0, 1, 0, 0.143113, 0, 0.989706, 0, -3.45195, -0.650978)
"Spawn Settings/Pickup Parent" = NodePath("RichRing")
"Spawn Settings/Travel Height" = 3.5

[node name="RichRing" parent="RingAct/SpringPath/ItemBox" instance=ExtResource("11_5mjed")]
transform = Transform3D(1, 0, 0, 0, 1, 0, 0, 0, 1, -7.62939e-06, 0.42422, -3.30341)

[node name="Boat2" type="Node3D" parent="RingAct"]

[node name="WaterRock" parent="RingAct/Boat2" instance=ExtResource("12_tybq2")]
transform = Transform3D(1.00418, 0, 0.717358, 0, 1.28474, 0, -0.717358, 0, 1.00418, -110.205, -5.65945, 130.503)

[node name="WaterRock7" parent="RingAct/Boat2" instance=ExtResource("12_tybq2")]
transform = Transform3D(1.0109, 0, 0.707844, 0, 1.28474, 0, -0.707844, 0, 1.0109, -116.532, -5.65945, 134.912)

[node name="WaterRock6" parent="RingAct/Boat2" instance=ExtResource("12_tybq2")]
transform = Transform3D(1.0109, 0, 0.707844, 0, 1.28474, 0, -0.707844, 0, 1.0109, -104.66, -5.65945, 126.6)

[node name="SpikeBall" parent="RingAct/Boat2" instance=ExtResource("15_ojd7p")]
transform = Transform3D(0.612599, 0, 0.790394, 0, 1, 0, -0.790394, 0, 0.612599, -98.568, -5.8, 145.687)
"Movement/Cycle Length" = 6.0
Movement/Distance = 10.0
Movement/Angle = -90.0

[node name="SpikeBall2" parent="RingAct/Boat2" instance=ExtResource("15_ojd7p")]
transform = Transform3D(0.727373, 0, 0.686243, 0, 1, 0, -0.686243, 0, 0.727373, -110.256, -5.8, 130.403)
Movement/Mode = 2
"Movement/Cycle Length" = 5.0
"Movement/Horizontal Size" = 0.0
"Movement/Vertical Size" = 0.0
Movement/Radius = 2.3

[node name="SpikeBall3" parent="RingAct/Boat2" instance=ExtResource("15_ojd7p")]
transform = Transform3D(0.929347, 0, 0.369207, 0, 1, 0, -0.369207, 0, 0.929347, -110.256, -5.8, 130.403)
Movement/Mode = 2
"Movement/Cycle Length" = 5.0
"Movement/Starting Offset" = 0.56
"Movement/Horizontal Size" = 0.0
"Movement/Vertical Size" = 0.0
Movement/Radius = 2.3

[node name="RichRing" parent="RingAct/Boat2" instance=ExtResource("11_5mjed")]
transform = Transform3D(0.907491, 0, 0.420072, 0, 1, 0, -0.420072, 0, 0.907491, -111.295, -4.88861, 128.289)

[node name="Rings" type="Node3D" parent="RingAct/Boat2"]
transform = Transform3D(1.11992, 0, 0.518404, 0, 1.28474, 0, -0.518404, 0, 1.11992, -119.572, -5, 122.459)
script = ExtResource("5_5qgkc")
Source = ExtResource("6_m7ns5")
Amount = 4
Shape = 0
Orientation = 0
Spacing = 4.0
"Horizontal Offset" = SubResource("Curve_7oqge")
"Vertical Offset" = null

[node name="Child01" parent="RingAct/Boat2/Rings" instance=ExtResource("6_m7ns5")]

[node name="Child02" parent="RingAct/Boat2/Rings" instance=ExtResource("6_m7ns5")]
transform = Transform3D(1, 0, 0, 0, 1, 0, 0, 0, 1, 0.482308, 0, -4)

[node name="Child03" parent="RingAct/Boat2/Rings" instance=ExtResource("6_m7ns5")]
transform = Transform3D(1, 0, 0, 0, 1, 0, 0, 0, 1, 0.194885, 0, -8)

[node name="Child04" parent="RingAct/Boat2/Rings" instance=ExtResource("6_m7ns5")]
transform = Transform3D(1, 0, 0, 0, 1, 0, 0, 0, 1, -1, 0, -12)

[node name="Rings2" type="Node3D" parent="RingAct/Boat2"]
transform = Transform3D(1.05106, 0, 0.646718, 0, 1.28474, 0, -0.646718, 0, 1.05106, -109.635, -5.37335, 117.082)
script = ExtResource("5_5qgkc")
Source = ExtResource("6_m7ns5")
Amount = 4
Shape = 0
Orientation = 0
Spacing = 4.0
"Horizontal Offset" = SubResource("Curve_7oqge")
"Vertical Offset" = null

[node name="Child01" parent="RingAct/Boat2/Rings2" instance=ExtResource("6_m7ns5")]

[node name="Child02" parent="RingAct/Boat2/Rings2" instance=ExtResource("6_m7ns5")]
transform = Transform3D(1, 0, 0, 0, 1, 0, 0, 0, 1, 0.482308, 0, -4)

[node name="Child03" parent="RingAct/Boat2/Rings2" instance=ExtResource("6_m7ns5")]
transform = Transform3D(1, 0, 0, 0, 1, 0, 0, 0, 1, 0.194885, 0, -8)

[node name="Child04" parent="RingAct/Boat2/Rings2" instance=ExtResource("6_m7ns5")]
transform = Transform3D(1, 0, 0, 0, 1, 0, 0, 0, 1, -1, 0, -12)

[node name="WaterRock2" parent="RingAct/Boat2" instance=ExtResource("12_tybq2")]
transform = Transform3D(0.819151, 0, 0.573577, 0, 1, 0, -0.573577, 0, 0.819151, -94.2378, -5.99945, 73.2432)

[node name="WaterRock3" parent="RingAct/Boat2" instance=ExtResource("12_tybq2")]
transform = Transform3D(0.819151, 0, 0.573577, 0, 1, 0, -0.573577, 0, 0.819151, -98.8644, -5.99945, 70.4888)

[node name="WaterRock4" parent="RingAct/Boat2" instance=ExtResource("12_tybq2")]
transform = Transform3D(0.819151, 0, 0.573577, 0, 1, 0, -0.573577, 0, 0.819151, -105.43, -6.00945, 88.7103)

[node name="WaterRock5" parent="RingAct/Boat2" instance=ExtResource("12_tybq2")]
transform = Transform3D(0.819151, 0, 0.573577, 0, 1, 0, -0.573577, 0, 0.819151, -121.978, -5.54945, 90.9335)

[node name="Rings3" type="Node3D" parent="RingAct/Boat2"]
transform = Transform3D(1, 0, 0, 0, 1, 0, 0, 0, 1, -96.31, -5, 71.1)
script = ExtResource("5_5qgkc")
Source = ExtResource("6_m7ns5")
Amount = 6
Shape = 2
Path = NodePath("../../../Static/Path/Boat3Path")
"Path Progress Offset" = 0.0
"Disable Path Y" = false
Spacing = 5.0
"Horizontal Offset" = SubResource("Curve_c663e")
"Vertical Offset" = null

[node name="Child01" parent="RingAct/Boat2/Rings3" instance=ExtResource("6_m7ns5")]
transform = Transform3D(1, 0, 0, 0, 1, 0, 0, 0, 1, 9.15527e-05, 0, -0.000221252)

[node name="Child02" parent="RingAct/Boat2/Rings3" instance=ExtResource("6_m7ns5")]
transform = Transform3D(1, 0, 0, 0, 1, 0, 0, 0, 1, -1.33112, 0, 4.91872)

[node name="Child03" parent="RingAct/Boat2/Rings3" instance=ExtResource("6_m7ns5")]
transform = Transform3D(1, 0, 0, 0, 1, 0, 0, 0, 1, -4.1757, 0, 9.10321)

[node name="Child04" parent="RingAct/Boat2/Rings3" instance=ExtResource("6_m7ns5")]
transform = Transform3D(1, 0, 0, 0, 1, 0, 0, 0, 1, -8.74767, 0, 11.8631)

[node name="Child05" parent="RingAct/Boat2/Rings3" instance=ExtResource("6_m7ns5")]
transform = Transform3D(1, 0, 0, 0, 1, 0, 0, 0, 1, -12.1892, 0, 15.2342)

[node name="Child06" parent="RingAct/Boat2/Rings3" instance=ExtResource("6_m7ns5")]
transform = Transform3D(1, 0, 0, 0, 1, 0, 0, 0, 1, -14.5736, 0, 19.8889)

[node name="Rings4" type="Node3D" parent="RingAct/Boat2"]
transform = Transform3D(1, 0, 0, 0, 1, 0, 0, 0, 1, -85.867, -5, 152.073)
script = ExtResource("5_5qgkc")
Source = ExtResource("6_m7ns5")
Amount = 5
Shape = 2
Path = NodePath("../../../Static/Path/Boat2Path")
"Path Progress Offset" = 0.0
"Disable Path Y" = false
Spacing = 5.0
"Horizontal Offset" = null
"Vertical Offset" = null

[node name="Child01" parent="RingAct/Boat2/Rings4" instance=ExtResource("6_m7ns5")]
transform = Transform3D(1, 0, 0, 0, 1, 0, 0, 0, 1, 3.05176e-05, 0, 3.05176e-05)

[node name="Child02" parent="RingAct/Boat2/Rings4" instance=ExtResource("6_m7ns5")]
transform = Transform3D(1, 0, 0, 0, 1, 0, 0, 0, 1, -3.39301, 0, -3.66898)

[node name="Child03" parent="RingAct/Boat2/Rings4" instance=ExtResource("6_m7ns5")]
transform = Transform3D(1, 0, 0, 0, 1, 0, 0, 0, 1, -7.01509, 0, -7.11543)

[node name="Child04" parent="RingAct/Boat2/Rings4" instance=ExtResource("6_m7ns5")]
transform = Transform3D(1, 0, 0, 0, 1, 0, 0, 0, 1, -10.665, 0, -10.5329)

[node name="Child05" parent="RingAct/Boat2/Rings4" instance=ExtResource("6_m7ns5")]
transform = Transform3D(1, 0, 0, 0, 1, 0, 0, 0, 1, -14.2473, 0, -14.0208)

[node name="Island" type="Node3D" parent="RingAct"]

[node name="RedMajin" parent="RingAct/Island" instance=ExtResource("8_g3ynl")]
transform = Transform3D(-0.0290879, 0, 0.999577, 0, 1, 0, -0.999577, 0, -0.0290879, -165.788, -1.221, 111.46)
"Rotation Settings/Track Player" = false
"Rotation Settings/Rotation Time" = 3.0
"Attack Settings/Flame Active Time" = 4.0
"Attack Settings/Flame Inactive Time" = 3.0
rangeOverride = 15

[node name="RedMajin2" parent="RingAct/Island" instance=ExtResource("8_g3ynl")]
transform = Transform3D(0.422616, 0, 0.906309, 0, 1, 0, -0.906309, 0, 0.422616, -170.812, -1.221, 106.319)
"Rotation Settings/Track Player" = false
"Rotation Settings/Rotation Time" = 1.0
"Attack Settings/Flame Active Time" = 3.0
"Attack Settings/Flame Inactive Time" = 3.0
rangeOverride = 20

[node name="RedMajin3" parent="RingAct/Island" instance=ExtResource("8_g3ynl")]
transform = Transform3D(0.906307, 0, 0.422619, 0, 1, 0, -0.422619, 0, 0.906307, -177.562, -1.221, 105.495)
"Rotation Settings/Track Player" = false
"Rotation Settings/Rotation Time" = 1.0
"Attack Settings/Flame Active Time" = 6.0
"Attack Settings/Flame Inactive Time" = 3.0
rangeOverride = 10

[node name="EnemyStone" parent="RingAct/Island" instance=ExtResource("17_oc0to")]
transform = Transform3D(0.957989, 0, 0.286804, 0, 1, 0, -0.286804, 0, 0.957989, -177.571, -0.716, 102.281)
enemyCount = 3

[node name="EnemyStone2" parent="RingAct/Island" instance=ExtResource("17_oc0to")]
transform = Transform3D(-0.28736, 0, 0.957822, 0, 1, 0, -0.957822, 0, -0.28736, -177.571, 1.284, 102.281)
enemyCount = 3

[node name="EnemyStone3" parent="RingAct/Island" instance=ExtResource("17_oc0to")]
transform = Transform3D(-0.957822, 0, -0.28736, 0, 1, 0, 0.28736, 0, -0.957822, -177.571, 3.284, 102.281)
enemyCount = 3

[node name="EnemyStone4" parent="RingAct/Island" instance=ExtResource("17_oc0to")]
transform = Transform3D(0.28736, 0, -0.957822, 0, 1, 0, 0.957822, 0, 0.28736, -177.571, 5.284, 102.281)
enemyCount = 3

[node name="MovingObjects" type="Node3D" parent="RingAct/Island"]

[node name="MovingITBOXF" type="Node3D" parent="RingAct/Island/MovingObjects"]
transform = Transform3D(0.949661, 0, -0.31328, 0, 1, 0, 0.31328, 0, 0.949661, -177.939, 18.6185, 79.5156)
script = ExtResource("13_pbwnh")
Movement/Mode = 1
"Movement/Cycle Length" = 5.0
"Movement/Starting Offset" = 0.0
Movement/Distance = 5.0
Movement/Angle = -90.0
"Vertical Orientation" = false
root = NodePath("ItemBoxFlying")
animator = NodePath("")

[node name="ItemBoxFlying" parent="RingAct/Island/MovingObjects/MovingITBOXF" instance=ExtResource("20_cyl5y")]
transform = Transform3D(0.999998, 0, 5.96046e-08, 0, 1, 0, -5.96046e-08, 0, 0.999998, 0, 0, 0)
"Spawn Settings/Spawn Pearls" = true
"Spawn Settings/Amount" = 50

[node name="MovingITBOXF2" type="Node3D" parent="RingAct/Island/MovingObjects"]
transform = Transform3D(0.949661, 0, -0.31328, 0, 1, 0, 0.31328, 0, 0.949661, -172.528, 18.6185, 70.0313)
script = ExtResource("13_pbwnh")
Movement/Mode = 1
"Movement/Cycle Length" = 5.0
"Movement/Starting Offset" = 0.0
Movement/Distance = 5.0
Movement/Angle = -90.0
"Vertical Orientation" = false
root = NodePath("ItemBoxFlying2")
animator = NodePath("")

[node name="ItemBoxFlying2" parent="RingAct/Island/MovingObjects/MovingITBOXF2" instance=ExtResource("20_cyl5y")]
transform = Transform3D(0.999997, 0, 2.98023e-07, 0, 1, 0, -2.98023e-07, 0, 0.999997, 0, 0, 0)
"Spawn Settings/Pickup Parent" = NodePath("../../RichRing")

[node name="RichRing" parent="RingAct/Island/MovingObjects" instance=ExtResource("11_5mjed")]
transform = Transform3D(0.685348, 0, -0.728215, 0, 1, 0, 0.728215, 0, 0.685348, -159.204, 6.74722, 50.1125)

[node name="FlyingPot" parent="RingAct" instance=ExtResource("19_37g7b")]
transform = Transform3D(0.988899, 0, -0.148586, 0, 1, 0, 0.148586, 0, 0.988899, -178.495, 6.615, 85.8676)
travelBounds = Vector2(0, 10)

[node name="Boat3" type="Node3D" parent="RingAct"]

[node name="WaterRock" parent="RingAct/Boat3" instance=ExtResource("12_tybq2")]
transform = Transform3D(1, 0, 0, 0, 1, 0, 0, 0, 1, -135.72, -6.02245, 23.84)

[node name="WaterRock2" parent="RingAct/Boat3" instance=ExtResource("12_tybq2")]
transform = Transform3D(1, 0, 0, 0, 1, 0, 0, 0, 1, -145.538, -6.02245, 14.3452)

[node name="Rings1" type="Node3D" parent="RingAct/Boat3"]
transform = Transform3D(1, 0, 0, 0, 1, 0, 0, 0, 1, -141.49, -5, 32.07)
script = ExtResource("5_5qgkc")
Source = ExtResource("6_m7ns5")
Amount = 6
Shape = 2
Path = NodePath("../../../Static/Path/Boat4Path")
"Path Progress Offset" = 0.0
"Disable Path Y" = false
Spacing = 3.0
"Horizontal Offset" = SubResource("Curve_57anh")
"Vertical Offset" = null

[node name="Child01" parent="RingAct/Boat3/Rings1" instance=ExtResource("6_m7ns5")]
transform = Transform3D(1, 0, 0, 0, 1, 0, 0, 0, 1, -6.10352e-05, 0, 0.0001297)

[node name="Child02" parent="RingAct/Boat3/Rings1" instance=ExtResource("6_m7ns5")]
transform = Transform3D(1, 0, 0, 0, 1, 0, 0, 0, 1, -0.301483, 0, -3.10826)

[node name="Child03" parent="RingAct/Boat3/Rings1" instance=ExtResource("6_m7ns5")]
transform = Transform3D(1, 0, 0, 0, 1, 0, 0, 0, 1, 1.23567, 0, -5.81292)

[node name="Child04" parent="RingAct/Boat3/Rings1" instance=ExtResource("6_m7ns5")]
transform = Transform3D(1, 0, 0, 0, 1, 0, 0, 0, 1, 3.06253, 0, -8.83399)

[node name="Child05" parent="RingAct/Boat3/Rings1" instance=ExtResource("6_m7ns5")]
transform = Transform3D(1, 0, 0, 0, 1, 0, 0, 0, 1, 2.86313, 0, -11.9772)

[node name="Child06" parent="RingAct/Boat3/Rings1" instance=ExtResource("6_m7ns5")]
transform = Transform3D(1, 0, 0, 0, 1, 0, 0, 0, 1, 0.701279, 0, -14.7314)

[node name="Rings2" type="Node3D" parent="RingAct/Boat3"]
transform = Transform3D(1, 0, 0, 0, 1, 0, 0, 0, 1, -146.9, -5, 3.48)
script = ExtResource("5_5qgkc")
Source = ExtResource("6_m7ns5")
Amount = 5
Shape = 2
Path = NodePath("../../../Static/Path/Boat4Path")
"Path Progress Offset" = 0.0
"Disable Path Y" = false
Spacing = 5.0
"Horizontal Offset" = SubResource("Curve_0espd")
"Vertical Offset" = null

[node name="Child01" parent="RingAct/Boat3/Rings2" instance=ExtResource("6_m7ns5")]
transform = Transform3D(1, 0, 0, 0, 1, 0, 0, 0, 1, 0.000213623, 0, 0.000255108)

[node name="Child02" parent="RingAct/Boat3/Rings2" instance=ExtResource("6_m7ns5")]
transform = Transform3D(1, 0, 0, 0, 1, 0, 0, 0, 1, -4.35129, 0, -2.34022)

[node name="Child03" parent="RingAct/Boat3/Rings2" instance=ExtResource("6_m7ns5")]
transform = Transform3D(1, 0, 0, 0, 1, 0, 0, 0, 1, -8.07547, 0, -5.66051)

[node name="Child04" parent="RingAct/Boat3/Rings2" instance=ExtResource("6_m7ns5")]
transform = Transform3D(1, 0, 0, 0, 1, 0, 0, 0, 1, -12.0518, 0, -8.86569)

[node name="Child05" parent="RingAct/Boat3/Rings2" instance=ExtResource("6_m7ns5")]
transform = Transform3D(1, 0, 0, 0, 1, 0, 0, 0, 1, -16.9096, 0, -10.3588)

[node name="SpikeBall" parent="RingAct/Boat3" instance=ExtResource("15_ojd7p")]
transform = Transform3D(1, 0, 0, 0, 1, 0, 0, 0, 1, -149.833, -5.5, 0)
Movement/Mode = 0

[node name="SpikeBall2" parent="RingAct/Boat3" instance=ExtResource("15_ojd7p")]
transform = Transform3D(1, 0, 0, 0, 1, 0, 0, 0, 1, -165.783, -5.5, -9.52234)
Movement/Mode = 0

[node name="SpikeBall4" parent="RingAct/Boat3" instance=ExtResource("15_ojd7p")]
transform = Transform3D(0.659917, 0, -0.356384, 0, 0.75, 0, 0.356384, 0, 0.659917, -172.291, -5.7923, -16.8839)
Movement/Mode = 0

[node name="SpikeBall5" parent="RingAct/Boat3" instance=ExtResource("15_ojd7p")]
transform = Transform3D(0.724927, 0, -0.192305, 0, 0.75, 0, 0.192305, 0, 0.724927, -169.523, -5.7923, -15.6912)
Movement/Mode = 0

[node name="LeftPath" type="Node3D" parent="RingAct"]

[node name="GreenMajin1" parent="RingAct/LeftPath" instance=ExtResource("18_7rfl2")]
transform = Transform3D(-0.422622, 0, -0.906306, 0, 1, 0, 0.906306, 0, -0.422622, -75.7799, 5.53875, -26.3612)
"Spawn Settings/Spawn Travel Time" = 1.0
"Spawn Settings/Spawn Delay" = 0.0
"Spawn Settings/Spawn Offset" = Vector3(-30, 0, 0)
"Spawn Settings/Spawn In Offset" = Vector3(0, 0, 0)
"Spawn Settings/Spawn Out Offset" = Vector3(0, 0, 0)

[node name="GreenMajin2" parent="RingAct/LeftPath" instance=ExtResource("18_7rfl2")]
transform = Transform3D(-0.422622, 0, -0.906306, 0, 1, 0, 0.906306, 0, -0.422622, -70.6576, 3.52151, -23.999)
"Spawn Settings/Spawn Travel Time" = 1.0
"Spawn Settings/Spawn Delay" = 0.0
"Spawn Settings/Spawn Offset" = Vector3(30, 0, -5)
"Spawn Settings/Spawn In Offset" = Vector3(0, 0, 0)
"Spawn Settings/Spawn Out Offset" = Vector3(0, 0, 0)

[node name="GreenMajin3" parent="RingAct/LeftPath" instance=ExtResource("18_7rfl2")]
transform = Transform3D(-0.422622, 0, -0.906306, 0, 1, 0, 0.906306, 0, -0.422622, -66.6849, 2.39189, -22.0171)
"Spawn Settings/Spawn Travel Time" = 1.0
"Spawn Settings/Spawn Delay" = 0.0
"Spawn Settings/Spawn Offset" = Vector3(30, 0, -5)
"Spawn Settings/Spawn In Offset" = Vector3(0, 0, 0)
"Spawn Settings/Spawn Out Offset" = Vector3(0, 0, 0)

[node name="BlueMajin1" parent="RingAct/LeftPath" instance=ExtResource("16_vv7l1")]
transform = Transform3D(0.708044, 0, -0.706168, 0, 1, 0, 0.706168, 0, 0.708044, -161.859, -1.80837, -36.3201)
"Defeat Settings/Enable Enemy Launching" = true
"Defeat Settings/Launch Time" = 0.5
"Defeat Settings/Launch Direction" = Vector3(1, 0, 1)
"Defeat Settings/Local Transform" = true

[node name="BlueMajin2" parent="RingAct/LeftPath" instance=ExtResource("16_vv7l1")]
transform = Transform3D(0.708044, 0, -0.706168, 0, 1, 0, 0.706168, 0, 0.708044, -156.346, -1.80837, -42.6861)
"Defeat Settings/Enable Enemy Launching" = true
"Defeat Settings/Launch Time" = 0.5
"Defeat Settings/Launch Direction" = Vector3(1, 0, 1)
"Defeat Settings/Local Transform" = true

[node name="BlueMajin3" parent="RingAct/LeftPath" instance=ExtResource("16_vv7l1")]
transform = Transform3D(0.919273, 0, -0.393621, 0, 1, 0, 0.393621, 0, 0.919273, -145.877, -1.80837, -65.7775)
"Defeat Settings/Enable Enemy Launching" = true
"Defeat Settings/Launch Time" = 0.5
"Defeat Settings/Launch Direction" = Vector3(0, 0, 1)
"Defeat Settings/Local Transform" = true

[node name="RedMajin" parent="RingAct/LeftPath" instance=ExtResource("8_g3ynl")]
transform = Transform3D(-0.471474, 0, -0.88188, 0, 1, 0, 0.88188, 0, -0.471474, -125.696, -1.82419, -76.3675)
"Rotation Settings/Track Player" = false
"Rotation Settings/Rotation Time" = 0.5
"Attack Settings/Flame Active Time" = 5.0
"Attack Settings/Flame Inactive Time" = 1.0
"Attack Settings/Flame Aggression Radius" = 10
"Attack Settings/Attack Instantly" = true

[node name="Rings1" type="Node3D" parent="RingAct/LeftPath"]
transform = Transform3D(0.775771, 0, -0.631014, 0, 1, 0, 0.631014, 0, 0.775771, -160.139, -1.32417, -38.0115)
script = ExtResource("5_5qgkc")
Source = ExtResource("6_m7ns5")
Amount = 2
Shape = 0
Orientation = 0
Spacing = 4.0
"Horizontal Offset" = null
"Vertical Offset" = null

[node name="Child01" parent="RingAct/LeftPath/Rings1" instance=ExtResource("6_m7ns5")]

[node name="Child02" parent="RingAct/LeftPath/Rings1" instance=ExtResource("6_m7ns5")]
transform = Transform3D(1, 0, 0, 0, 1, 0, 0, 0, 1, 0, 0, -4)

[node name="Rings2" type="Node3D" parent="RingAct/LeftPath"]
transform = Transform3D(0.708044, 0, -0.706168, 0, 1, 0, 0.706168, 0, 0.708044, -154.589, -1.32417, -45.0793)
script = ExtResource("5_5qgkc")
Source = ExtResource("6_m7ns5")
Amount = 6
Shape = 2
Path = NodePath("../../../Static/Path/LeftPath")
"Path Progress Offset" = 0.0
"Disable Path Y" = false
Spacing = 4.0
"Horizontal Offset" = null
"Vertical Offset" = null

[node name="Child01" parent="RingAct/LeftPath/Rings2" instance=ExtResource("6_m7ns5")]
transform = Transform3D(1, 0, 0, 0, 1, 0, 0, 0, 1, -4.57764e-05, 0, -9.91821e-05)

