[gd_scene load_steps=52 format=3 uid="uid://clxss7c077sde"]

[ext_resource type="PackedScene" uid="uid://d1rcieilh21gs" path="res://area/6 skeleton dome/act 1/Static.tscn" id="1_6irkq"]
[ext_resource type="Script" path="res://object/stage/LevelSettings.cs" id="1_yisij"]
[ext_resource type="PackedScene" uid="uid://cjupypih0myxo" path="res://object/player/CharacterSpawn.tscn" id="2_4su1b"]
[ext_resource type="Script" path="res://object/trigger/modules/CullingTrigger.cs" id="3_4cg0m"]
[ext_resource type="PackedScene" uid="uid://rfun0ekg6spj" path="res://area/6 skeleton dome/object/platform/PlatformCavernSmall.tscn" id="3_6m2nv"]
[ext_resource type="PackedScene" uid="uid://ddqtfsujegqep" path="res://object/stage/common/SpikeBallSpawner.tscn" id="3_7v3mk"]
[ext_resource type="PackedScene" uid="uid://cclwh52o4uphx" path="res://object/stage/common/InvisibleGrindrail.tscn" id="3_8skno"]
[ext_resource type="PackedScene" uid="uid://bn6wr6l8s3qyt" path="res://object/trigger/StageTrigger.tscn" id="3_jp0k2"]
[ext_resource type="PackedScene" uid="uid://b8m1x0tudbcbd" path="res://object/stage/common/Spring.tscn" id="4_ia1t0"]
[ext_resource type="PackedScene" uid="uid://cfejcc3m08i2r" path="res://area/6 skeleton dome/object/platform/PlatformCavernFalling.tscn" id="4_w5q3l"]
[ext_resource type="PackedScene" uid="uid://b1daf70kelhld" path="res://area/6 skeleton dome/object/platform/PlatformCavernLarge.tscn" id="5_5f5sv"]
[ext_resource type="PackedScene" uid="uid://ctkxmjdylid4k" path="res://object/enemy/majin/data/skeleton dome/GreenMajin.tscn" id="5_danjg"]
[ext_resource type="Script" path="res://addons/object_generator/ObjectGenerator.cs" id="5_p0cpw"]
[ext_resource type="PackedScene" uid="uid://bqvtcp8tkbfyt" path="res://object/stage/common/SpikeBall.tscn" id="6_21sva"]
[ext_resource type="PackedScene" uid="uid://153wwjnd7nv6" path="res://object/stage/common/FlyingPot.tscn" id="6_86hu3"]
[ext_resource type="PackedScene" uid="uid://c7l8mr7ubn848" path="res://object/stage/pickups/Ring.tscn" id="6_i636b"]
[ext_resource type="PackedScene" uid="uid://db770ujvjdio4" path="res://object/stage/common/LaunchRingSpike.tscn" id="6_ii6j5"]
[ext_resource type="PackedScene" uid="uid://cxb1fxhrsja13" path="res://object/stage/common/SpikeBallStatic.tscn" id="8_psd5w"]
[ext_resource type="PackedScene" uid="uid://68st06xyjgvp" path="res://object/stage/pickups/RichRing.tscn" id="8_rlt0f"]
[ext_resource type="PackedScene" uid="uid://di8tdo65qjkbe" path="res://object/enemy/majin/data/skeleton dome/BlueMajin.tscn" id="8_tlcu6"]
[ext_resource type="PackedScene" uid="uid://bc0sffoidghvq" path="res://area/6 skeleton dome/object/destructable/Head.tscn" id="9_7b1j8"]
[ext_resource type="PackedScene" uid="uid://dmuj7wvvp56uk" path="res://area/6 skeleton dome/object/destructable/Ribcage.tscn" id="10_jiv87"]
[ext_resource type="PackedScene" uid="uid://dee1migehwfmq" path="res://area/6 skeleton dome/object/platform/PlatformExterior.tscn" id="11_fjgqb"]
[ext_resource type="PackedScene" uid="uid://cl7a6swbawl4b" path="res://area/6 skeleton dome/object/platform/PlatformExteriorEnd.tscn" id="12_ndgdv"]
[ext_resource type="PackedScene" uid="uid://dn3adwr4o4kux" path="res://area/6 skeleton dome/object/grindrail/Grindrail03.tscn" id="13_fnrre"]
[ext_resource type="PackedScene" uid="uid://b0uekqdfkbg6h" path="res://object/stage/common/ItemBox.tscn" id="13_v0glh"]
[ext_resource type="PackedScene" uid="uid://cc64d8h51jyx2" path="res://object/stage/common/ItemBoxFlying.tscn" id="15_hvsse"]
[ext_resource type="PackedScene" uid="uid://d0v2jlqmfqwkb" path="res://area/6 skeleton dome/object/destructable/Tail.tscn" id="19_yspvn"]
[ext_resource type="PackedScene" uid="uid://d0b2gvx7s6s8u" path="res://object/stage/pickups/Pearl.tscn" id="20_wqeg3"]
[ext_resource type="PackedScene" uid="uid://3kra1mtg86nd" path="res://area/6 skeleton dome/object/destructable/Leg.tscn" id="21_hn86o"]
[ext_resource type="PackedScene" uid="uid://csaug6ajhbtce" path="res://object/enemy/majin/data/skeleton dome/RedMajin.tscn" id="22_l3dvj"]
[ext_resource type="PackedScene" uid="uid://xeuluo21g3tw" path="res://object/stage/common/SpikePanel.tscn" id="23_6pbex"]
[ext_resource type="PackedScene" uid="uid://bbgtmxw55soah" path="res://object/stage/destructable/Stone.tscn" id="23_11llw"]
[ext_resource type="PackedScene" uid="uid://cx36fswvjfblm" path="res://object/stage/destructable/EnemyStone.tscn" id="25_4vuwu"]
[ext_resource type="Resource" uid="uid://dm4x1eupq13eq" path="res://area/6 skeleton dome/act 1/trigger/camera/ExteriorCamera.tres" id="26_t7xhw"]
[ext_resource type="PackedScene" uid="uid://87lgwwefd4g4" path="res://object/stage/common/JumpPanel.tscn" id="34_d0kwn"]
[ext_resource type="PackedScene" uid="uid://qxfca8v0ndfq" path="res://area/6 skeleton dome/object/grindrail/Grindrail02.tscn" id="34_sbk4a"]
[ext_resource type="PackedScene" uid="uid://0jj0alw37l1s" path="res://area/6 skeleton dome/object/grindrail/Grindrail04.tscn" id="36_3kt84"]
[ext_resource type="PackedScene" uid="uid://c85xw5ix60fe8" path="res://object/stage/common/Switch.tscn" id="39_jvpkb"]
[ext_resource type="PackedScene" uid="uid://vqw834asl36p" path="res://area/6 skeleton dome/object/obstacle/Gate.tscn" id="39_rd1gs"]
[ext_resource type="Script" path="res://object/trigger/modules/PathTrigger.cs" id="40_5lq2h"]
[ext_resource type="Script" path="res://object/trigger/modules/EventTrigger.cs" id="40_dipor"]
[ext_resource type="PackedScene" uid="uid://cra2x0w3qbcxv" path="res://area/6 skeleton dome/object/destructable/Skull.tscn" id="40_y1kxl"]

[sub_resource type="BoxShape3D" id="BoxShape3D_pbtmc"]
size = Vector3(15, 20, 2.5)

[sub_resource type="BoxShape3D" id="BoxShape3D_4a5p7"]
size = Vector3(40, 20, 2.5)

[sub_resource type="Curve" id="Curve_au1dj"]
max_value = 3.0
_data = [Vector2(0, 0), 0.0, 9.6, 0, 0, Vector2(0.6, 3), 0.0, 0.0, 0, 0, Vector2(1, 1.5), -9.6, 0.0, 0, 0]
point_count = 3

[sub_resource type="Animation" id="Animation_je4uv"]
length = 0.001
tracks/0/type = "value"
tracks/0/imported = false
tracks/0/enabled = true
tracks/0/path = NodePath("Spring02:visible")
tracks/0/interp = 1
tracks/0/loop_wrap = true
tracks/0/keys = {
"times": PackedFloat32Array(0),
"transitions": PackedFloat32Array(1),
"update": 1,
"values": [false]
}
tracks/1/type = "value"
tracks/1/imported = false
tracks/1/enabled = true
tracks/1/path = NodePath("Spring02:process_mode")
tracks/1/interp = 1
tracks/1/loop_wrap = true
tracks/1/keys = {
"times": PackedFloat32Array(0),
"transitions": PackedFloat32Array(1),
"update": 1,
"values": [4]
}

[sub_resource type="Animation" id="Animation_sc1yd"]
resource_name = "event"
length = 0.001
tracks/0/type = "value"
tracks/0/imported = false
tracks/0/enabled = true
tracks/0/path = NodePath("Spring02:visible")
tracks/0/interp = 1
tracks/0/loop_wrap = true
tracks/0/keys = {
"times": PackedFloat32Array(0),
"transitions": PackedFloat32Array(1),
"update": 1,
"values": [true]
}
tracks/1/type = "value"
tracks/1/imported = false
tracks/1/enabled = true
tracks/1/path = NodePath("Spring02:process_mode")
tracks/1/interp = 1
tracks/1/loop_wrap = true
tracks/1/keys = {
"times": PackedFloat32Array(0),
"transitions": PackedFloat32Array(1),
"update": 1,
"values": [0]
}

[sub_resource type="AnimationLibrary" id="AnimationLibrary_fhfve"]
_data = {
"RESET": SubResource("Animation_je4uv"),
"event": SubResource("Animation_sc1yd")
}

[sub_resource type="Curve" id="Curve_rygae"]
min_value = -5.0
max_value = 2.0
_data = [Vector2(0, 0), 0.0, 1.75, 0, 0, Vector2(0.350575, -2.1444), -12.4783, -12.4783, 0, 0, Vector2(0.7, -3.5), 0.0, 0.0, 0, 0, Vector2(1, -2.625), -0.120962, 0.0, 0, 0]
point_count = 4

[sub_resource type="BoxShape3D" id="BoxShape3D_cnw7t"]
size = Vector3(65, 7, 9)

[node name="Stage" type="Node"]

[node name="MainAct" type="Node3D" parent="."]
script = ExtResource("1_yisij")
"Mission Type" = 0
"Time Limit" = 0.0
"Item Cycling/Activation Trigger" = NodePath("")
"Ranking/Skip Score" = false
"Ranking/Gold Time" = 0
"Ranking/Silver Time" = 0
"Ranking/Bronze Time" = 0
"Ranking/Gold Score" = 0
"Ranking/Silver Score" = 0
"Ranking/Bronze Score" = 0
Completion/Delay = 0.0
Completion/Lockout = null

[node name="SpawnPosition" type="Node3D" parent="MainAct"]
metadata/_edit_lock_ = true

[node name="CharacterSpawn" parent="MainAct/SpawnPosition" instance=ExtResource("2_4su1b")]
transform = Transform3D(1, 0, 0, 0, 1, 0, 0, 0, 1, 198, 0, -901)

[node name="CullingMap" type="Node3D" parent="MainAct"]

[node name="OverpassLoad" parent="MainAct/CullingMap" instance=ExtResource("3_jp0k2")]
transform = Transform3D(1, 0, 0, 0, 1, 0, 0, 0, 1, 51.7296, -2.3, -265.527)
"Trigger Mode" = 2
"Exit Mode" = 2

[node name="CollisionShape3D" type="CollisionShape3D" parent="MainAct/CullingMap/OverpassLoad"]
transform = Transform3D(1, 0, 0, 0, 1, 0, 0, 0, 1, 0, 8, 0)
shape = SubResource("BoxShape3D_pbtmc")

[node name="OpeningUnload" parent="MainAct/CullingMap" instance=ExtResource("3_jp0k2")]
transform = Transform3D(0.819152, 0, 0.573576, 0, 1, 0, -0.573576, 0, 0.819152, -11.3124, -1.5, -335.205)
"Trigger Mode" = 2
"Exit Mode" = 2

[node name="CollisionShape3D" type="CollisionShape3D" parent="MainAct/CullingMap/OpeningUnload"]
transform = Transform3D(1, 0, 0, 0, 1, 0, 0, 0, 1, 0, 8, 0)
shape = SubResource("BoxShape3D_pbtmc")

[node name="FieldLoad" parent="MainAct/CullingMap" instance=ExtResource("3_jp0k2")]
transform = Transform3D(0.965926, 0, -0.258819, 0, 1, 0, 0.258819, 0, 0.965926, -19.6134, -1.04308e-07, -602.125)
"Trigger Mode" = 2
"Exit Mode" = 2

[node name="CollisionShape3D" type="CollisionShape3D" parent="MainAct/CullingMap/FieldLoad"]
transform = Transform3D(1, 0, 0, 0, 1, 0, 0, 0, 1, 0, 8, 0)
shape = SubResource("BoxShape3D_pbtmc")

[node name="CavernLoad" parent="MainAct/CullingMap" instance=ExtResource("3_jp0k2")]
transform = Transform3D(-0.173648, 0, -0.984808, 0, 1, 0, 0.984808, 0, -0.173648, 91.638, 0.0999999, -791.254)
"Trigger Mode" = 2
"Exit Mode" = 2

[node name="CollisionShape3D" type="CollisionShape3D" parent="MainAct/CullingMap/CavernLoad"]
transform = Transform3D(1, 0, 0, 0, 1, 0, 0, 0, 1, 0, 8, 0)
shape = SubResource("BoxShape3D_4a5p7")

[node name="Opening" type="Node3D" parent="MainAct"]
script = ExtResource("3_4cg0m")
startEnabled = true
saveVisibilityOnCheckpoint = true

[node name="Start" type="Node3D" parent="MainAct/Opening"]

[node name="InvisibleGrindrail1" parent="MainAct/Opening/Start" instance=ExtResource("3_8skno")]
transform = Transform3D(0.994522, -0.00820121, 0.104206, 0, 0.996918, 0.0784591, -0.104528, -0.0780293, 0.991456, 2.23181, 0, -27)
"Invisible Rail Settings/Length" = 12

[node name="Ring1" type="Node3D" parent="MainAct/Opening/Start"]
transform = Transform3D(1, 0, 0, 0, 1, 0, 0, 0, 1, 0.1, -1, -50)
script = ExtResource("5_p0cpw")
Generate = false
Source = ExtResource("6_i636b")
Amount = 5
Shape = 2
Path = NodePath("../../../../Static/Path/ExteriorPath")
"Path Progress Offset" = 0.0
"Disable Path Y" = false
Spacing = 2.5
"Horizontal Offset" = null
"Vertical Offset" = null

[node name="Child01" parent="MainAct/Opening/Start/Ring1" instance=ExtResource("6_i636b")]
transform = Transform3D(1, 0, 0, 0, 1, 0, 0, 0, 1, -1.52737e-06, 1.37091e-06, 1.52588e-05)

[node name="Child02" parent="MainAct/Opening/Start/Ring1" instance=ExtResource("6_i636b")]
transform = Transform3D(1, 0, 0, 0, 1, 0, 0, 0, 1, 0.0428184, -0.246051, -2.48351)

[node name="Child03" parent="MainAct/Opening/Start/Ring1" instance=ExtResource("6_i636b")]
transform = Transform3D(1, 0, 0, 0, 1, 0, 0, 0, 1, 0.164301, -0.494792, -4.96518)

[node name="Child04" parent="MainAct/Opening/Start/Ring1" instance=ExtResource("6_i636b")]
transform = Transform3D(1, 0, 0, 0, 1, 0, 0, 0, 1, 0.369986, -0.754019, -7.44311)

[node name="Child05" parent="MainAct/Opening/Start/Ring1" instance=ExtResource("6_i636b")]
transform = Transform3D(1, 0, 0, 0, 1, 0, 0, 0, 1, 0.672068, -1.02729, -9.90981)

[node name="Ring2" type="Node3D" parent="MainAct/Opening/Start"]
transform = Transform3D(1, 0, 0, 0, 1, 0, 0, 0, 1, 2.4, -3.3315, -72)
script = ExtResource("5_p0cpw")
Generate = false
Source = ExtResource("6_i636b")
Amount = 5
Shape = 2
Path = NodePath("../../../../Static/Path/ExteriorPath")
"Path Progress Offset" = 0.0
"Disable Path Y" = false
Spacing = 2.5
"Horizontal Offset" = null
"Vertical Offset" = null

[node name="Child01" parent="MainAct/Opening/Start/Ring2" instance=ExtResource("6_i636b")]
transform = Transform3D(1, 0, 0, 0, 1, 0, 0, 0, 1, -9.77516e-06, 3.71933e-05, 0.000434875)

[node name="Child02" parent="MainAct/Opening/Start/Ring2" instance=ExtResource("6_i636b")]
transform = Transform3D(1, 0, 0, 0, 1, 0, 0, 0, 1, -0.0992796, -0.186554, -2.47036)

[node name="Child03" parent="MainAct/Opening/Start/Ring2" instance=ExtResource("6_i636b")]
transform = Transform3D(1, 0, 0, 0, 1, 0, 0, 0, 1, -0.443163, -0.326632, -4.92103)

[node name="Child04" parent="MainAct/Opening/Start/Ring2" instance=ExtResource("6_i636b")]
transform = Transform3D(1, 0, 0, 0, 1, 0, 0, 0, 1, -1.08629, -0.438117, -7.3233)

[node name="Child05" parent="MainAct/Opening/Start/Ring2" instance=ExtResource("6_i636b")]
transform = Transform3D(1, 0, 0, 0, 1, 0, 0, 0, 1, -2.23393, -0.556865, -9.53065)

[node name="InvisibleGrindrail2" parent="MainAct/Opening/Start" instance=ExtResource("3_8skno")]
transform = Transform3D(0.766044, 0.00560931, 0.642763, 0, 0.999962, -0.00872654, -0.642788, 0.00668491, 0.766015, -0.521481, -4.6, -82.5532)
"Invisible Rail Settings/Length" = 20

[node name="InvisibleGrindrail3" parent="MainAct/Opening/Start" instance=ExtResource("3_8skno")]
transform = Transform3D(0.995505, 0.00812115, 0.0943604, 0.0085913, 0.984466, -0.175367, -0.0943188, 0.175389, 0.979971, -14.8778, -3.63166, -102.259)
"Invisible Rail Settings/Length" = 32

[node name="BlueMajin1" parent="MainAct/Opening/Start" instance=ExtResource("8_tlcu6")]
transform = Transform3D(0.996195, 0, 0.0871557, 0, 1, 0, -0.0871557, 0, 0.996195, -14.9, -0.3, -120)

[node name="BlueMajin2" parent="MainAct/Opening/Start" instance=ExtResource("8_tlcu6")]
transform = Transform3D(0.996195, 0, 0.0871557, 0, 1, 0, -0.0871557, 0, 0.996195, -18.5, 0.5, -123)

[node name="BlueMajin3" parent="MainAct/Opening/Start" instance=ExtResource("8_tlcu6")]
transform = Transform3D(0.939693, 0, 0.34202, 0, 1, 0, -0.34202, 0, 0.939693, -20.6, 4.3, -152.2)

[node name="SpikeBallStatic1" parent="MainAct/Opening/Start" instance=ExtResource("8_psd5w")]
transform = Transform3D(1, 0, 0, 0, 0.866025, -0.5, 0, 0.5, 0.866025, -20.6, 2.8, -152.2)

[node name="Head" parent="MainAct/Opening/Start" instance=ExtResource("9_7b1j8")]
transform = Transform3D(0.48742, 0.00373094, -1.93969, -1.39273, 1.39273, -0.347296, 1.35008, 1.43537, 0.34202, -25.5155, 3.33892, -159.402)

[node name="Ribcage1" parent="MainAct/Opening/Start" instance=ExtResource("10_jiv87")]
transform = Transform3D(-8.74228e-08, 0, 2, 0, 2, 0, -2, 0, -8.74228e-08, -21, 7, -173)

[node name="Head" parent="MainAct/Opening/Start/Ribcage1" instance=ExtResource("9_7b1j8")]
transform = Transform3D(1, 0, 0, 0, 1, 0, 0, 0, 1, 0, 0, -2.5)

[node name="Ribcage2" parent="MainAct/Opening/Start" instance=ExtResource("10_jiv87")]
transform = Transform3D(1.14715, 0, 1.6383, 0, 2, 0, -1.6383, 0, 1.14715, -18.1912, 9.6, -182.459)

[node name="Head" parent="MainAct/Opening/Start/Ribcage2" instance=ExtResource("9_7b1j8")]
transform = Transform3D(1, 0, 0, 0, 1, 0, 0, 0, 1, -1.52588e-05, 0, -2.49998)

[node name="SpikeBallStatic2" parent="MainAct/Opening/Start" instance=ExtResource("8_psd5w")]
transform = Transform3D(0.96225, -0.258819, -0.084186, 0.0871557, -4.28408e-08, 0.996194, -0.257834, -0.965925, 0.0225575, -24.3973, 3.86972, -178.537)

[node name="SpikeBallStatic3" parent="MainAct/Opening/Start" instance=ExtResource("8_psd5w")]
transform = Transform3D(0.984808, 0.163176, -0.0593912, -0.173648, 0.925417, -0.336824, 0, 0.34202, 0.939693, -25.6, 4.2, -185.2)

[node name="Upper" type="Node3D" parent="MainAct/Opening"]
transform = Transform3D(-0.642788, 0, -0.766044, 0, 1, 0, 0.766044, 0, -0.642788, -12.7147, 10.4, -193.296)

[node name="Grindrail" parent="MainAct/Opening/Upper" instance=ExtResource("13_fnrre")]
transform = Transform3D(-0.173648, 0, 0.984808, 0, 1, 0, -0.984808, 0, -0.173648, -0.76091, 1.5, 2.77695)

[node name="ItemBox" parent="MainAct/Opening/Upper" instance=ExtResource("13_v0glh")]
transform = Transform3D(-0.5, 0, 0.866025, 0, 1, 0, -0.866025, 0, -0.5, 0.872284, 2.25, 1.34282)
"Spawn Settings/Amount" = 50
"Spawn Settings/Spawn Pearls" = true

[node name="Platform1" type="Node3D" parent="MainAct/Opening/Upper"]

[node name="PlatformExterior" parent="MainAct/Opening/Upper/Platform1" instance=ExtResource("11_fjgqb")]
transform = Transform3D(2, 0, -5.96046e-08, 0, 2, 0, 5.96046e-08, 0, 2, 0, 0, 0)

[node name="PlatformExteriorEnd" parent="MainAct/Opening/Upper/Platform1/PlatformExterior" instance=ExtResource("12_ndgdv")]
transform = Transform3D(1, 0, 0, 0, 1, 0, 0, 0, 1, 0, 0, -4.395)

[node name="Platform2" type="Node3D" parent="MainAct/Opening/Upper"]

[node name="PlatformExterior" parent="MainAct/Opening/Upper/Platform2" instance=ExtResource("11_fjgqb")]
transform = Transform3D(1.93185, 0, -0.517638, 0, 2, 0, 0.517638, 0, 1.93185, -31.6818, 10, 4.62123)

[node name="PlatformExteriorEnd" parent="MainAct/Opening/Upper/Platform2/PlatformExterior" instance=ExtResource("12_ndgdv")]
transform = Transform3D(1, 0, 0, 0, 1, 0, 0, 0, 1, 0, 0, -4.395)

[node name="ItemBoxFlying" parent="MainAct/Opening/Upper" instance=ExtResource("15_hvsse")]
transform = Transform3D(-0.173648, 0, 0.984808, 0, 1, 0, -0.984808, 0, -0.173648, -32.8294, 3.35, 8.4382)
"Spawn Settings/Amount" = 50
"Spawn Settings/Spawn Pearls" = true

[node name="InvisibleGrindrail" parent="MainAct/Opening/Upper" instance=ExtResource("3_8skno")]
transform = Transform3D(0.5, -0.224144, 0.836516, 0, 0.965926, 0.258819, -0.866025, -0.129409, 0.482963, -30.5314, 0.258819, 9.65617)
"Invisible Rail Settings/Length" = 32

[node name="Lower" type="Node3D" parent="MainAct/Opening"]
transform = Transform3D(1, 0, 0, 0, 1, 0, 0, 0, 1, -10, 0, -200)

[node name="InvisibleGrindrail1" parent="MainAct/Opening/Lower" instance=ExtResource("3_8skno")]
transform = Transform3D(0.801776, -0.026068, -0.597056, 0, 0.999048, -0.0436194, 0.597625, 0.034973, 0.801012, -12.9, 4.5, 14.8)

[node name="Ring1" type="Node3D" parent="MainAct/Opening/Lower"]
transform = Transform3D(0.866025, 0, -0.5, 0, 1, 0, 0.5, 0, 0.866025, -5.90587, 5.45, 5.21234)
script = ExtResource("5_p0cpw")
Generate = false
Source = ExtResource("6_i636b")
Amount = 5
Shape = 2
Path = NodePath("../../../../Static/Path/ExteriorPath")
"Path Progress Offset" = 0.0
"Disable Path Y" = false
Spacing = 3.0
"Horizontal Offset" = null
"Vertical Offset" = null

[node name="Child01" parent="MainAct/Opening/Lower/Ring1" instance=ExtResource("6_i636b")]
transform = Transform3D(1, 0, 0, 0, 1, 0, 0, 0, 1, -7.62939e-06, 9.53674e-07, 0.000183105)

[node name="Child02" parent="MainAct/Opening/Lower/Ring1" instance=ExtResource("6_i636b")]
transform = Transform3D(1, 0, 0, 0, 1, 0, 0, 0, 1, 0.0585403, -0.0725598, -3.00739)

[node name="Child03" parent="MainAct/Opening/Lower/Ring1" instance=ExtResource("6_i636b")]
transform = Transform3D(1, 0, 0, 0, 1, 0, 0, 0, 1, -0.0359726, -0.220284, -6.01051)

[node name="Child04" parent="MainAct/Opening/Lower/Ring1" instance=ExtResource("6_i636b")]
transform = Transform3D(1, 0, 0, 0, 1, 0, 0, 0, 1, -0.200111, -0.422892, -9.00882)

[node name="Child05" parent="MainAct/Opening/Lower/Ring1" instance=ExtResource("6_i636b")]
transform = Transform3D(1, 0, 0, 0, 1, 0, 0, 0, 1, -0.370049, -0.678152, -12.0068)

[node name="Ring2" type="Node3D" parent="MainAct/Opening/Lower"]
transform = Transform3D(0.819152, 0, -0.573576, 0, 1, 0, 0.573576, 0, 0.819152, 4.87999, 3.75, -14.5692)
script = ExtResource("5_p0cpw")
Generate = false
Source = ExtResource("6_i636b")
Amount = 5
Shape = 2
Path = NodePath("../../../../Static/Path/ExteriorPath")
"Path Progress Offset" = 0.0
"Disable Path Y" = false
Spacing = 2.5
"Horizontal Offset" = null
"Vertical Offset" = null

[node name="Child01" parent="MainAct/Opening/Lower/Ring2" instance=ExtResource("6_i636b")]
transform = Transform3D(1, 0, 0, 0, 1, 0, 0, 0, 1, 0, 2.14577e-06, 0)

[node name="Child02" parent="MainAct/Opening/Lower/Ring2" instance=ExtResource("6_i636b")]
transform = Transform3D(1, 0, 0, 0, 1, 0, 0, 0, 1, -0.0856247, -0.245704, -2.48546)

[node name="Child03" parent="MainAct/Opening/Lower/Ring2" instance=ExtResource("6_i636b")]
transform = Transform3D(1, 0, 0, 0, 1, 0, 0, 0, 1, -0.0343933, -0.480407, -4.97168)

[node name="Child04" parent="MainAct/Opening/Lower/Ring2" instance=ExtResource("6_i636b")]
transform = Transform3D(1, 0, 0, 0, 1, 0, 0, 0, 1, 0.19854, -0.697921, -7.44705)

[node name="Child05" parent="MainAct/Opening/Lower/Ring2" instance=ExtResource("6_i636b")]
transform = Transform3D(1, 0, 0, 0, 1, 0, 0, 0, 1, 0.676804, -0.888816, -9.88579)

[node name="Ribcage1" parent="MainAct/Opening/Lower" instance=ExtResource("10_jiv87")]
transform = Transform3D(-0.517637, 0, -1.93185, 0, 2, 0, 1.93185, 0, -0.517637, -4.73917, 7.6, -8.12798)

[node name="Head" parent="MainAct/Opening/Lower/Ribcage1" instance=ExtResource("9_7b1j8")]
transform = Transform3D(1, 0, 1.49012e-08, 0, 1, 0, -1.49012e-08, 0, 1, 0, 0, -2.5)

[node name="Ribcage2" parent="MainAct/Opening/Lower" node_paths=PackedStringArray("root", "pieceRoot", "animator") instance=ExtResource("10_jiv87")]
transform = Transform3D(1.2578, 0, 1.55497, 0, 2, 0, -1.55497, 0, 1.2578, 11.5856, 7.4, -14.5286)
root = NodePath("../Ribcage1/Root")
pieceRoot = NodePath("../Ribcage1/RibcagePieces")
animator = NodePath("../Ribcage1/AnimationPlayer")

[node name="Head" parent="MainAct/Opening/Lower/Ribcage2" instance=ExtResource("9_7b1j8")]
transform = Transform3D(1, 0, 0, 0, 1, 0, 0, 0, 1, -2.28882e-05, 0, -2.50004)

[node name="SpikeBallStatic1" parent="MainAct/Opening/Lower" instance=ExtResource("8_psd5w")]
transform = Transform3D(0.912329, 0.409303, -0.0112593, -0.400146, 0.897076, 0.18745, 0.086824, -0.16651, 0.98221, 1.74395, 3.75531, -8.77394)

[node name="InvisibleGrindrail2" parent="MainAct/Opening/Lower" instance=ExtResource("3_8skno")]
transform = Transform3D(0.325568, 0.0247508, -0.945194, 0, 0.999657, 0.0261769, 0.945518, -0.00852238, 0.325457, 20.2503, 1.82175, -27.3287)
"Invisible Rail Settings/Length" = 14

[node name="Hall" type="Node3D" parent="MainAct/Opening"]
transform = Transform3D(1, 0, 0, 0, 1, 0, 0, 0, 1, 40, 0, -240)

[node name="SpikeBall1" parent="MainAct/Opening/Hall" instance=ExtResource("6_21sva")]
transform = Transform3D(-0.573576, -0.0713938, -0.816035, 0, 0.996195, -0.0871557, 0.819152, -0.0499905, -0.571394, 5.20483, 1.6, -6.76074)
"Movement/Cycle Length" = 6.0
Movement/Distance = 5.0

[node name="SpikeBall2" parent="MainAct/Opening/Hall" instance=ExtResource("6_21sva")]
transform = Transform3D(-0.0301537, -0.0845277, -0.995965, 0.17101, 0.98129, -0.0884597, 0.984808, -0.172987, -0.0151345, 8, 0.531715, -18)
"Movement/Cycle Length" = 6.0
Movement/Distance = 5.0

[node name="InvisibleGrindrail1" parent="MainAct/Opening/Hall" instance=ExtResource("3_8skno")]
transform = Transform3D(0.127411, 0, 0.99185, 0, 1, 0, -0.99185, 0, 0.127411, 5.58784, -4, -39.7311)

[node name="InvisibleGrindrail2" parent="MainAct/Opening/Hall" instance=ExtResource("3_8skno")]
transform = Transform3D(0.743145, -0.00934252, 0.669065, 0, 0.999903, 0.0139622, -0.669131, -0.0103759, 0.743072, -12.7172, -4.35169, -55.0468)
"Invisible Rail Settings/Length" = 15

[node name="Ring" type="Node3D" parent="MainAct/Opening/Hall"]
transform = Transform3D(0.5, 0, 0.866025, 0, 1, 0, -0.866025, 0, 0.5, -26.1981, -3.8, -68.7732)
script = ExtResource("5_p0cpw")
Generate = false
Source = ExtResource("6_i636b")
Amount = 5
Shape = 2
Path = NodePath("../../../../Static/Path/ExteriorPath")
"Path Progress Offset" = 0.0
"Disable Path Y" = false
Spacing = 3.0
"Horizontal Offset" = null
"Vertical Offset" = null

[node name="Child01" parent="MainAct/Opening/Hall/Ring" instance=ExtResource("6_i636b")]
transform = Transform3D(1, 0, 0, 0, 1, 0, 0, 0, 1, -3.05176e-05, -7.15256e-07, 4.57764e-05)

[node name="Child02" parent="MainAct/Opening/Hall/Ring" instance=ExtResource("6_i636b")]
transform = Transform3D(1, 0, 0, 0, 1, 0, 0, 0, 1, 0.100281, 0.0520294, -2.9893)

[node name="Child03" parent="MainAct/Opening/Hall/Ring" instance=ExtResource("6_i636b")]
transform = Transform3D(1, 0, 0, 0, 1, 0, 0, 0, 1, 0.212982, 0.138237, -5.97484)

[node name="Child04" parent="MainAct/Opening/Hall/Ring" instance=ExtResource("6_i636b")]
transform = Transform3D(1, 0, 0, 0, 1, 0, 0, 0, 1, 0.407898, 0.263131, -8.95193)

[node name="Child05" parent="MainAct/Opening/Hall/Ring" instance=ExtResource("6_i636b")]
transform = Transform3D(1, 0, 0, 0, 1, 0, 0, 0, 1, 0.747681, 0.429691, -11.9111)

[node name="Overpass" type="Node3D" parent="MainAct"]
transform = Transform3D(1, 0, 0, 0, 1, 0, 0, 0, 1, -1, 0, -318)
script = ExtResource("3_4cg0m")
saveVisibilityOnCheckpoint = true

[node name="Bridge" type="Node3D" parent="MainAct/Overpass"]

[node name="SpikeBall1" parent="MainAct/Overpass/Bridge" instance=ExtResource("6_21sva")]
transform = Transform3D(0.879125, -0.474778, 0.0415377, 0, 0.0871558, 0.996195, -0.476591, -0.87578, 0.0766208, -10.1895, -3, -17.6726)
Movement/Mode = 2
"Movement/Cycle Length" = 4.0
"Movement/Starting Offset" = 0.1
"Movement/Horizontal Size" = 2.5
"Movement/Vertical Size" = 0.0
Movement/Radius = 3.0
animatorSpeedScale = 0.8

[node name="SpikeGroup1" type="Node3D" parent="MainAct/Overpass/Bridge"]
transform = Transform3D(1, 0, 0, 0, 1, 0, 0, 0, 1, -13.3047, -0.159808, -24.3888)

[node name="Head" parent="MainAct/Overpass/Bridge/SpikeGroup1" instance=ExtResource("9_7b1j8")]
transform = Transform3D(-0.349144, 0.0870968, -0.933013, -0.482963, 0.836516, 0.258819, 0.803023, 0.540976, -0.25, 0, 0, 0)

[node name="Ring" type="Node3D" parent="MainAct/Overpass/Bridge/SpikeGroup1"]
transform = Transform3D(0.866025, 0, 0.5, 0, 1, 0, -0.5, 0, 0.866025, 1.8547, 2.15981, 3.67542)
script = ExtResource("5_p0cpw")
Generate = false
Source = ExtResource("6_i636b")
Amount = 6
Shape = 0
Orientation = 0
Spacing = 1.5
"Horizontal Offset" = null
"Vertical Offset" = SubResource("Curve_au1dj")

[node name="Child01" parent="MainAct/Overpass/Bridge/SpikeGroup1/Ring" instance=ExtResource("6_i636b")]

[node name="Child02" parent="MainAct/Overpass/Bridge/SpikeGroup1/Ring" instance=ExtResource("6_i636b")]
transform = Transform3D(1, 0, 0, 0, 1, 0, 0, 0, 1, 0, 1.63111, -1.5)

[node name="Child03" parent="MainAct/Overpass/Bridge/SpikeGroup1/Ring" instance=ExtResource("6_i636b")]
transform = Transform3D(1, 0, 0, 0, 1, 0, 0, 0, 1, 0, 2.64889, -3)

[node name="Child04" parent="MainAct/Overpass/Bridge/SpikeGroup1/Ring" instance=ExtResource("6_i636b")]
transform = Transform3D(1, 0, 0, 0, 1, 0, 0, 0, 1, 0, 3, -4.5)

[node name="Child05" parent="MainAct/Overpass/Bridge/SpikeGroup1/Ring" instance=ExtResource("6_i636b")]
transform = Transform3D(1, 0, 0, 0, 1, 0, 0, 0, 1, 0, 2.73, -6)

[node name="Child06" parent="MainAct/Overpass/Bridge/SpikeGroup1/Ring" instance=ExtResource("6_i636b")]
transform = Transform3D(1, 0, 0, 0, 1, 0, 0, 0, 1, 0, 1.5, -7.5)

[node name="SpikeBall" parent="MainAct/Overpass/Bridge/SpikeGroup1" instance=ExtResource("6_21sva")]
transform = Transform3D(-0.866025, 0.498097, 0.0435779, 7.6194e-09, -0.0871558, 0.996195, 0.5, 0.86273, 0.0754791, 0.156596, -1.23391, 0.949341)
Movement/Mode = 2
"Movement/Cycle Length" = 4.0
"Movement/Starting Offset" = 0.9
"Movement/Horizontal Size" = 2.0
"Movement/Vertical Size" = 0.0
Movement/Radius = 3.5
animatorSpeedScale = 0.8

[node name="SpikeBall2" parent="MainAct/Overpass/Bridge" instance=ExtResource("6_21sva")]
transform = Transform3D(1.29904, -0.75, 0, -3.27835e-08, -5.67828e-08, 1.5, -0.75, -1.29904, -6.55671e-08, -23.1497, -1.07872, -38.3431)
Movement/Mode = 2
"Movement/Cycle Length" = 6.0
"Movement/Horizontal Size" = 2.0
"Movement/Vertical Size" = 0.0
Movement/Radius = 2.0
animatorSpeedScale = 0.6

[node name="SpikeBall3" parent="MainAct/Overpass/Bridge" instance=ExtResource("6_21sva")]
transform = Transform3D(1.29904, -0.75, 0, -3.27835e-08, -5.67828e-08, 1.5, -0.75, -1.29904, -6.55671e-08, -25.3997, -1.07872, -42.2403)
Movement/Mode = 2
"Movement/Cycle Length" = 10.0
"Movement/Horizontal Size" = 2.0
"Movement/Vertical Size" = 0.0
Movement/Radius = 2.0
animatorSpeedScale = 0.4

[node name="SpikeGroup2" type="Node3D" parent="MainAct/Overpass/Bridge"]
transform = Transform3D(1, 0, 0, 0, 1, 0, 0, 0, 1, -29.6047, 0.840192, -49.7888)

[node name="Head" parent="MainAct/Overpass/Bridge/SpikeGroup2" instance=ExtResource("9_7b1j8")]
transform = Transform3D(-0.803023, -0.489345, 0.340141, -0.482963, 0.868751, 0.109627, -0.349144, -0.0762424, -0.933962, 0, 0, 0)

[node name="Ring" type="Node3D" parent="MainAct/Overpass/Bridge/SpikeGroup2"]
transform = Transform3D(0.906307, 0, 0.422618, 0, 1, 0, -0.422618, 0, 0.906307, 1.97034, 2.15981, 3.57114)
script = ExtResource("5_p0cpw")
Generate = false
Source = ExtResource("6_i636b")
Amount = 6
Shape = 0
Orientation = 0
Spacing = 1.5
"Horizontal Offset" = null
"Vertical Offset" = SubResource("Curve_au1dj")

[node name="Child01" parent="MainAct/Overpass/Bridge/SpikeGroup2/Ring" instance=ExtResource("6_i636b")]

[node name="Child02" parent="MainAct/Overpass/Bridge/SpikeGroup2/Ring" instance=ExtResource("6_i636b")]
transform = Transform3D(1, 0, 0, 0, 1, 0, 0, 0, 1, 0, 1.63111, -1.5)

[node name="Child03" parent="MainAct/Overpass/Bridge/SpikeGroup2/Ring" instance=ExtResource("6_i636b")]
transform = Transform3D(1, 0, 0, 0, 1, 0, 0, 0, 1, 0, 2.64889, -3)

[node name="Child04" parent="MainAct/Overpass/Bridge/SpikeGroup2/Ring" instance=ExtResource("6_i636b")]
transform = Transform3D(1, 0, 0, 0, 1, 0, 0, 0, 1, 0, 3, -4.5)

[node name="Child05" parent="MainAct/Overpass/Bridge/SpikeGroup2/Ring" instance=ExtResource("6_i636b")]
transform = Transform3D(1, 0, 0, 0, 1, 0, 0, 0, 1, 0, 2.73, -6)

[node name="Child06" parent="MainAct/Overpass/Bridge/SpikeGroup2/Ring" instance=ExtResource("6_i636b")]
transform = Transform3D(1, 0, 0, 0, 1, 0, 0, 0, 1, 0, 1.5, -7.5)

[node name="SpikeBall" parent="MainAct/Overpass/Bridge/SpikeGroup2" instance=ExtResource("6_21sva")]
transform = Transform3D(0.904879, -0.425669, 4.41942e-08, -4.10466e-09, 1.97175e-08, 1, -0.425669, -0.904879, -1.49012e-08, 0.155918, -1.32827, 0.413696)
Movement/Mode = 2
"Movement/Cycle Length" = 10.0
"Movement/Horizontal Size" = 2.5
"Movement/Vertical Size" = 0.0
Movement/Radius = 3.0
animatorSpeedScale = 0.6

[node name="SpikeBall4" parent="MainAct/Overpass/Bridge" instance=ExtResource("6_21sva")]
transform = Transform3D(-0.973595, 0.228283, -4.46866e-08, -4.32601e-09, 1.15908e-08, 1, 0.228283, 0.973595, 1.33521e-08, -33.2301, -0.48808, -59.7491)
Movement/Mode = 2
"Movement/Cycle Length" = 6.0
"Movement/Horizontal Size" = 1.5
"Movement/Vertical Size" = 0.0
Movement/Radius = 4.0
animatorSpeedScale = 0.6

[node name="SpikeGroup3" type="Node3D" parent="MainAct/Overpass/Bridge"]
transform = Transform3D(1, 0, 0, 0, 1, 0, 0, 0, 1, -34.6047, 1.14019, -72.5888)

[node name="Head3" parent="MainAct/Overpass/Bridge/SpikeGroup3" instance=ExtResource("9_7b1j8")]
transform = Transform3D(-0.349144, -0.0762424, -0.933962, -0.482963, 0.868751, 0.109627, 0.803023, 0.489345, -0.340141, 0, 0, 0)

[node name="Ring3" type="Node3D" parent="MainAct/Overpass/Bridge/SpikeGroup3"]
transform = Transform3D(0.997727, 1.38338e-08, 0.0673886, -7.60756e-09, 1, 1.47321e-08, -0.0673886, -1.45287e-08, 0.997727, 0.201294, 2.85983, 4.10861)
script = ExtResource("5_p0cpw")
Generate = false
Source = ExtResource("6_i636b")
Amount = 6
Shape = 0
Orientation = 0
Spacing = 1.5
"Horizontal Offset" = null
"Vertical Offset" = SubResource("Curve_au1dj")

[node name="Child01" parent="MainAct/Overpass/Bridge/SpikeGroup3/Ring3" instance=ExtResource("6_i636b")]

[node name="Child02" parent="MainAct/Overpass/Bridge/SpikeGroup3/Ring3" instance=ExtResource("6_i636b")]
transform = Transform3D(1, 0, 0, 0, 1, 0, 0, 0, 1, 0, 1.63111, -1.5)

[node name="Child03" parent="MainAct/Overpass/Bridge/SpikeGroup3/Ring3" instance=ExtResource("6_i636b")]
transform = Transform3D(1, 0, 0, 0, 1, 0, 0, 0, 1, 0, 2.64889, -3)

[node name="Child04" parent="MainAct/Overpass/Bridge/SpikeGroup3/Ring3" instance=ExtResource("6_i636b")]
transform = Transform3D(1, 0, 0, 0, 1, 0, 0, 0, 1, 0, 3, -4.5)

[node name="Child05" parent="MainAct/Overpass/Bridge/SpikeGroup3/Ring3" instance=ExtResource("6_i636b")]
transform = Transform3D(1, 0, 0, 0, 1, 0, 0, 0, 1, 0, 2.73, -6)

[node name="Child06" parent="MainAct/Overpass/Bridge/SpikeGroup3/Ring3" instance=ExtResource("6_i636b")]
transform = Transform3D(1, 0, 0, 0, 1, 0, 0, 0, 1, 0, 1.5, -7.5)

[node name="SpikeBall" parent="MainAct/Overpass/Bridge/SpikeGroup3" instance=ExtResource("6_21sva")]
transform = Transform3D(0.99844, -0.0558215, -2.44004e-09, 0, -4.37114e-08, 1, -0.0558215, -0.998441, -4.36432e-08, -0.169617, -1.62827, 1.03821)
Movement/Mode = 2
"Movement/Cycle Length" = 6.0
"Movement/Horizontal Size" = 1.5
"Movement/Vertical Size" = 0.0
Movement/Radius = 4.0
animatorSpeedScale = 0.6

[node name="SpikeBall5" parent="MainAct/Overpass/Bridge" instance=ExtResource("6_21sva")]
transform = Transform3D(1.49766, -0.0837322, -3.66005e-09, 0, -6.55671e-08, 1.5, -0.0837322, -1.49766, -6.54648e-08, -34.7301, -0.48808, -75.1491)
Movement/Mode = 2
"Movement/Cycle Length" = 10.0
"Movement/Horizontal Size" = 2.0
"Movement/Vertical Size" = 0.0
Movement/Radius = 2.0
animatorSpeedScale = 0.4

[node name="SpikeBall6" parent="MainAct/Overpass/Bridge" instance=ExtResource("6_21sva")]
transform = Transform3D(-1.49766, 0.0837321, 3.66005e-09, 0, -6.55671e-08, 1.5, 0.0837321, 1.49766, 6.54648e-08, -34.7301, -0.48808, -78.0491)
Movement/Mode = 2
"Movement/Cycle Length" = 4.0
"Movement/Horizontal Size" = 2.0
"Movement/Vertical Size" = 0.0
Movement/Radius = 2.0
animatorSpeedScale = 0.8

[node name="Hall" type="Node3D" parent="MainAct/Overpass"]
transform = Transform3D(0.996195, 0, 0.0871557, 0, 1, 0, -0.0871557, 0, 0.996195, -36.9, 1.35, -90)

[node name="Ring1" type="Node3D" parent="MainAct/Overpass/Hall"]
transform = Transform3D(0.999904, 0.00424403, 0.0132107, -0.00499121, 0.998359, 0.0570499, -0.0129469, -0.0571104, 0.998285, 0.999695, 0.699501, -12.9927)
script = ExtResource("5_p0cpw")
Generate = false
Source = ExtResource("6_i636b")
Amount = 5
Shape = 0
Orientation = 0
Spacing = 2.5
"Horizontal Offset" = null
"Vertical Offset" = null

[node name="Child01" parent="MainAct/Overpass/Hall/Ring1" instance=ExtResource("6_i636b")]

[node name="Child02" parent="MainAct/Overpass/Hall/Ring1" instance=ExtResource("6_i636b")]
transform = Transform3D(1, 0, 0, 0, 1, 0, 0, 0, 1, 0, 0, -2.5)

[node name="Child03" parent="MainAct/Overpass/Hall/Ring1" instance=ExtResource("6_i636b")]
transform = Transform3D(1, 0, 0, 0, 1, 0, 0, 0, 1, 0, 0, -5)

[node name="Child04" parent="MainAct/Overpass/Hall/Ring1" instance=ExtResource("6_i636b")]
transform = Transform3D(1, 0, 0, 0, 1, 0, 0, 0, 1, 0, 0, -7.5)

[node name="Child05" parent="MainAct/Overpass/Hall/Ring1" instance=ExtResource("6_i636b")]
transform = Transform3D(1, 0, 0, 0, 1, 0, 0, 0, 1, 0, 0, -10)

[node name="MajinGroup1" type="Node3D" parent="MainAct/Overpass/Hall"]
transform = Transform3D(1, 0, 0, 0, 1, 0, 0, 0, 1, 4.0842, -2, -53.7347)

[node name="MajinActivation" type="Area3D" parent="MainAct/Overpass/Hall/MajinGroup1"]
transform = Transform3D(1, 0, 0, 0, 1, 0, 0, 0, 1, -3.37483, 1.8, 42.5971)
collision_layer = 8
collision_mask = 2
monitorable = false

[node name="CollisionShape3D" type="CollisionShape3D" parent="MainAct/Overpass/Hall/MajinGroup1/MajinActivation"]
transform = Transform3D(1, 0, 0, 0, 1, 0, 0, 0, 1, 0, 8, 0)
shape = SubResource("BoxShape3D_pbtmc")

[node name="BlueMajin1" parent="MainAct/Overpass/Hall/MajinGroup1" instance=ExtResource("8_tlcu6")]
transform = Transform3D(1, 0, 0, 0, 1, 0, 0, 0, 1, -3.8147e-06, 0, 3.05176e-05)
"Spawn Settings/Spawn Trigger Mode" = 1
"Spawn Settings/Spawn Travel Time" = 1.0
"Spawn Settings/Spawn Offset" = Vector3(0, 25, 0)

[node name="BlueMajin2" parent="MainAct/Overpass/Hall/MajinGroup1" instance=ExtResource("8_tlcu6")]
transform = Transform3D(0.819152, 0, -0.573577, 0, 1, 0, 0.573577, 0, 0.819152, 4.15909, 0, -1.64389)
"Spawn Settings/Spawn Trigger Mode" = 1
"Spawn Settings/Spawn Travel Time" = 1.0
"Spawn Settings/Spawn Offset" = Vector3(0, 25, 0)

[node name="BlueMajin3" parent="MainAct/Overpass/Hall/MajinGroup1" instance=ExtResource("8_tlcu6")]
transform = Transform3D(0.866025, 0, -0.5, 0, 1, 0, 0.5, 0, 0.866025, 5.82962, 0, -4.41498)
"Spawn Settings/Spawn Trigger Mode" = 1
"Spawn Settings/Spawn Travel Time" = 1.0
"Spawn Settings/Spawn Offset" = Vector3(0, 25, 0)

[node name="SpikeBallSpawner1" parent="MainAct/Overpass/Hall" instance=ExtResource("3_7v3mk")]
transform = Transform3D(-0.0871557, 0, -0.996194, 0, 1, 0, 0.996194, 0, -0.0871557, 45.1479, 17.25, -75.4525)
maxSpawnAmount = 10
lifetime = 8.0
spawnInterval = 1.5

[node name="Ribcage1" parent="MainAct/Overpass/Hall" instance=ExtResource("10_jiv87")]
transform = Transform3D(1.97209, -0.196699, 0.268653, 0.0949474, 1.87892, 0.678706, -0.319139, -0.65648, 1.86204, 25.2937, -4.33139, -86.1781)

[node name="Tail" parent="MainAct/Overpass/Hall/Ribcage1" instance=ExtResource("19_yspvn")]
transform = Transform3D(-0.4, -3.11993e-08, 7.45058e-09, -1.49012e-08, 0.375877, 0.136808, -4.47035e-08, 0.136808, -0.375877, 3.05176e-05, 0.429726, 2.67252)

[node name="Ribcage2" parent="MainAct/Overpass/Hall" instance=ExtResource("10_jiv87")]
transform = Transform3D(-0.544459, 0, 1.92446, 0, 2, 0, -1.92446, 0, -0.544459, 31.0805, -1.3, -94.2455)

[node name="Head" parent="MainAct/Overpass/Hall/Ribcage2" instance=ExtResource("9_7b1j8")]
transform = Transform3D(1, 0, 0, 0, 1, 0, 0, 0, 1, -9.15527e-05, 0, -2.50002)

[node name="Ribcage3" parent="MainAct/Overpass/Hall" instance=ExtResource("10_jiv87")]
transform = Transform3D(1.26414, 0, 1.54982, 0, 2, 0, -1.54982, 0, 1.26414, 31.8019, -1.3, -102.573)

[node name="Head" parent="MainAct/Overpass/Hall/Ribcage3" instance=ExtResource("9_7b1j8")]
transform = Transform3D(1, 0, -2.98023e-08, 0, 1, 0, 2.98023e-08, 0, 1, -4.57764e-05, 0, -2.50002)

[node name="Pearl" type="Node3D" parent="MainAct/Overpass/Hall"]
transform = Transform3D(0.939693, 0, -0.34202, 0, 1, 0, 0.34202, 0, 0.939693, 26.1899, -5.3, -102.923)
script = ExtResource("5_p0cpw")
Generate = false
Source = ExtResource("20_wqeg3")
Amount = 8
Shape = 2
Path = NodePath("../../../../Static/Path/ExteriorPath")
"Path Progress Offset" = 0.0
"Disable Path Y" = false
Spacing = 1.0
"Horizontal Offset" = null
"Vertical Offset" = null

[node name="Child01" parent="MainAct/Overpass/Hall/Pearl" instance=ExtResource("20_wqeg3")]
transform = Transform3D(1, 0, 0, 0, 1, 0, 0, 0, 1, -4.57764e-05, 3.8147e-06, 0.00216675)

[node name="Child02" parent="MainAct/Overpass/Hall/Pearl" instance=ExtResource("20_wqeg3")]
transform = Transform3D(1, 0, 0, 0, 1, 0, 0, 0, 1, 0.0619659, -0.00372291, -1.08163)

[node name="Child03" parent="MainAct/Overpass/Hall/Pearl" instance=ExtResource("20_wqeg3")]
transform = Transform3D(1, 0, 0, 0, 1, 0, 0, 0, 1, 0.209015, -0.00408888, -2.15628)

[node name="Child04" parent="MainAct/Overpass/Hall/Pearl" instance=ExtResource("20_wqeg3")]
transform = Transform3D(1, 0, 0, 0, 1, 0, 0, 0, 1, 0.43734, -0.00087738, -3.2132)

[node name="Child05" parent="MainAct/Overpass/Hall/Pearl" instance=ExtResource("20_wqeg3")]
transform = Transform3D(1, 0, 0, 0, 1, 0, 0, 0, 1, 0.740189, 0.00605106, -4.24533)

[node name="Child06" parent="MainAct/Overpass/Hall/Pearl" instance=ExtResource("20_wqeg3")]
transform = Transform3D(1, 0, 0, 0, 1, 0, 0, 0, 1, 1.10854, 0.0167651, -5.24805)

[node name="Child07" parent="MainAct/Overpass/Hall/Pearl" instance=ExtResource("20_wqeg3")]
transform = Transform3D(1, 0, 0, 0, 1, 0, 0, 0, 1, 1.53249, 0.0312815, -6.2193)

