[gd_scene load_steps=4 format=3 uid="uid://bdy7ivd82yprv"]

[ext_resource type="PackedScene" uid="uid://wlncb0bx2qpy" path="res://area/1 sand oasis/act 3/environment/model/01MainHall.gltf" id="1_2gu8q"]
[ext_resource type="Script" path="res://object/trigger/modules/CullingTrigger.cs" id="2_n7pua"]
[ext_resource type="PackedScene" uid="uid://wnnthoykndrj" path="res://effect/particle/Lantern.tscn" id="3_dno5y"]

[node name="01MainHall" instance=ExtResource("1_2gu8q")]
script = ExtResource("2_n7pua")
startEnabled = true
saveVisibilityOnCheckpoint = true
isStageVisuals = true

[node name="stg011_o01_Mesh_0001" parent="." index="0"]
layers = 4
cast_shadow = 0
gi_mode = 1

[node name="stg011_o01_Mesh_0002" parent="." index="1"]
layers = 4
cast_shadow = 0
gi_mode = 1

[node name="stg011_o01_Mesh_0003" parent="." index="2"]
layers = 4
cast_shadow = 0
gi_mode = 1

[node name="stg011_o01_Mesh_0004" parent="." index="3"]
layers = 4
cast_shadow = 0
gi_mode = 1

[node name="stg011_o01_Mesh_0005" parent="." index="4"]
layers = 4
cast_shadow = 0
gi_mode = 1

[node name="stg011_o01_Mesh_0007" parent="." index="5"]
layers = 4
cast_shadow = 0
gi_mode = 1

[node name="stg011_o01_Mesh_0009" parent="." index="6"]
layers = 4
cast_shadow = 0
gi_mode = 1

[node name="stg011_o01_Mesh_0010" parent="." index="7"]
layers = 4
cast_shadow = 0
gi_mode = 1

[node name="stg011_o01_Mesh_0011" parent="." index="8"]
layers = 4
cast_shadow = 0
gi_mode = 1

[node name="stg011_o01_Mesh_0012" parent="." index="9"]
layers = 4
cast_shadow = 0
gi_mode = 1

[node name="stg011_o01_Mesh_0013" parent="." index="10"]
layers = 4
cast_shadow = 0
gi_mode = 1

[node name="stg011_o01_Mesh_0014" parent="." index="11"]
layers = 4
cast_shadow = 0
gi_mode = 1

[node name="stg011_o01_Mesh_0015" parent="." index="12"]
layers = 4
cast_shadow = 0
gi_mode = 1

[node name="stg011_o01_Mesh_0016" parent="." index="13"]
layers = 4
cast_shadow = 0
gi_mode = 1

[node name="stg011_o01_Mesh_0019" parent="." index="14"]
layers = 4
cast_shadow = 0
gi_mode = 1

[node name="stg011_o01_Mesh_0030" parent="." index="15"]
layers = 4
cast_shadow = 0
gi_mode = 1

[node name="stg011_o01_Mesh_0047" parent="." index="16"]
layers = 4
cast_shadow = 0
gi_mode = 1

[node name="stg011_o01_Mesh_0048" parent="." index="17"]
layers = 4
cast_shadow = 0
gi_mode = 1

[node name="stg011_o02_Mesh_0000" parent="." index="18"]
layers = 4
cast_shadow = 0
gi_mode = 1

[node name="stg011_o08_Mesh_0010" parent="." index="19"]
layers = 4
cast_shadow = 0
gi_mode = 1

[node name="stg011_k_Mesh_0000" parent="." index="20"]
layers = 4
cast_shadow = 0

[node name="stg011_p01_Mesh_0001" parent="." index="21"]
layers = 4
cast_shadow = 0
gi_mode = 1

[node name="stg011_p01_Mesh_0000" parent="." index="22"]
layers = 4
cast_shadow = 0
gi_mode = 1

[node name="stg011_p01_Mesh_0003" parent="." index="23"]
layers = 4
cast_shadow = 0
gi_mode = 1

[node name="Lighting" type="Node3D" parent="." index="24"]

[node name="WindowGroup01" type="Node3D" parent="Lighting" index="0"]
transform = Transform3D(0.939693, 0, 0.34202, 0, 1, 0, -0.34202, 0, 0.939693, 0, 0, 0)

[node name="Window01" type="SpotLight3D" parent="Lighting/WindowGroup01" index="0"]
transform = Transform3D(0.902859, -0.0685903, 0.42443, -0.422618, 0.0397853, 0.905434, -0.07899, -0.996851, 0.00693299, 14.226, 16.9252, -2.98485)
layers = 1024
light_color = Color(0.807843, 0.603922, 0.431373, 1)
light_energy = 4.0
light_cull_mask = 4293918789
shadow_enabled = true
shadow_blur = 1.5
spot_range = 30.0
spot_attenuation = 0.0853776
spot_angle = 15.0

[node name="Window02" type="SpotLight3D" parent="Lighting/WindowGroup01" index="1"]
transform = Transform3D(0.902859, -0.0685903, 0.42443, -0.422618, 0.0397853, 0.905434, -0.07899, -0.996851, 0.00693302, 14.6967, 16.9252, 2.3946)
layers = 1024
light_color = Color(0.807843, 0.603922, 0.431373, 1)
light_energy = 4.0
light_cull_mask = 4293918789
shadow_enabled = true
shadow_blur = 1.5
spot_range = 30.0
spot_attenuation = 0.0853776
spot_angle = 15.0

[node name="Window03" type="SpotLight3D" parent="Lighting/WindowGroup01" index="2"]
transform = Transform3D(-0.902859, 0.0685905, -0.42443, -0.422618, 0.039785, 0.905434, 0.0789901, 0.996851, -0.00693268, -14.226, 16.9252, 2.98485)
layers = 1024
light_color = Color(0.807843, 0.603922, 0.431373, 1)
light_energy = 4.0
light_cull_mask = 4293918789
shadow_enabled = true
shadow_blur = 1.5
spot_range = 30.0
spot_attenuation = 0.0853776
spot_angle = 15.0

[node name="Window04" type="SpotLight3D" parent="Lighting/WindowGroup01" index="3"]
transform = Transform3D(-0.902859, 0.0685905, -0.42443, -0.422618, 0.039785, 0.905434, 0.0789901, 0.996851, -0.00693268, -14.6967, 16.9252, -2.3946)
layers = 1024
light_color = Color(0.807843, 0.603922, 0.431373, 1)
light_energy = 4.0
light_cull_mask = 4293918789
shadow_enabled = true
shadow_blur = 1.5
spot_range = 30.0
spot_attenuation = 0.0853776
spot_angle = 15.0

[node name="WindowGroup02" type="Node3D" parent="Lighting" index="1"]
transform = Transform3D(0.939693, 0, 0.34202, 0, 1, 0, -0.34202, 0, 0.939693, -7.86646, 0, -21.6129)

[node name="Window01" type="SpotLight3D" parent="Lighting/WindowGroup02" index="0"]
transform = Transform3D(0.902859, -0.0685903, 0.42443, -0.422618, 0.0397853, 0.905434, -0.07899, -0.996851, 0.00693302, 14.226, 16.9252, -2.98485)
layers = 1024
light_color = Color(0.807843, 0.603922, 0.431373, 1)
light_energy = 4.0
light_cull_mask = 4293918789
shadow_enabled = true
shadow_blur = 1.5
spot_range = 30.0
spot_attenuation = 0.0853776
spot_angle = 15.0

[node name="Window02" type="SpotLight3D" parent="Lighting/WindowGroup02" index="1"]
transform = Transform3D(0.902859, -0.0685903, 0.42443, -0.422618, 0.0397853, 0.905434, -0.07899, -0.996851, 0.00693302, 14.6967, 16.9252, 2.3946)
layers = 1024
light_color = Color(0.807843, 0.603922, 0.431373, 1)
light_energy = 4.0
light_cull_mask = 4293918789
shadow_enabled = true
shadow_blur = 1.5
spot_range = 30.0
spot_attenuation = 0.0853776
spot_angle = 15.0

[node name="Window03" type="SpotLight3D" parent="Lighting/WindowGroup02" index="2"]
transform = Transform3D(-0.902859, 0.0685905, -0.42443, -0.422618, 0.039785, 0.905434, 0.0789901, 0.996851, -0.00693268, -14.226, 16.9252, 2.98485)
layers = 1024
light_color = Color(0.807843, 0.603922, 0.431373, 1)
light_energy = 4.0
light_cull_mask = 4293918789
shadow_enabled = true
shadow_blur = 1.5
spot_range = 30.0
spot_attenuation = 0.0853776
spot_angle = 15.0

[node name="Window04" type="SpotLight3D" parent="Lighting/WindowGroup02" index="3"]
transform = Transform3D(-0.902859, 0.0685905, -0.42443, -0.422618, 0.039785, 0.905434, 0.0789901, 0.996851, -0.00693268, -14.6967, 16.9252, -2.3946)
layers = 1024
light_color = Color(0.807843, 0.603922, 0.431373, 1)
light_energy = 4.0
light_cull_mask = 4293918789
shadow_enabled = true
shadow_blur = 1.5
spot_range = 30.0
spot_attenuation = 0.0853776
spot_angle = 15.0

[node name="WindowGroup03" type="Node3D" parent="Lighting" index="2"]
transform = Transform3D(0.943784, 0, 0.330564, 0, 1, 0, -0.330564, 0, 0.943784, 7.86646, 0, 21.6129)

[node name="Window01" type="SpotLight3D" parent="Lighting/WindowGroup03" index="0"]
transform = Transform3D(0.902859, -0.0685903, 0.42443, -0.422618, 0.0397853, 0.905434, -0.07899, -0.996851, 0.00693302, 14.226, 16.9252, -2.98485)
layers = 1024
light_color = Color(0.807843, 0.603922, 0.431373, 1)
light_energy = 4.0
light_cull_mask = 4293918789
shadow_enabled = true
shadow_blur = 1.5
spot_range = 30.0
spot_attenuation = 0.0853776
spot_angle = 15.0

[node name="Window02" type="SpotLight3D" parent="Lighting/WindowGroup03" index="1"]
transform = Transform3D(0.902859, -0.0685903, 0.42443, -0.422618, 0.0397853, 0.905434, -0.07899, -0.996851, 0.00693302, 14.6967, 16.9252, 2.3946)
layers = 1024
light_color = Color(0.807843, 0.603922, 0.431373, 1)
light_energy = 4.0
light_cull_mask = 4293918789
shadow_enabled = true
shadow_blur = 1.5
spot_range = 30.0
spot_attenuation = 0.0853776
spot_angle = 15.0

[node name="LanternGroup1" type="Node3D" parent="Lighting" index="3"]
transform = Transform3D(0.933581, 0, 0.358368, 0, 1, 0, -0.358368, 0, 0.933581, -20.8819, 0, -54.3974)

[node name="Lantern1" parent="Lighting/LanternGroup1" index="0" instance=ExtResource("3_dno5y")]
transform = Transform3D(1, 0, -2.98023e-08, 0, 1, 0, 0, 0, 1, -5.74218, 2.00419, 6.90002)

[node name="Lantern2" parent="Lighting/LanternGroup1" index="1" instance=ExtResource("3_dno5y")]
transform = Transform3D(1, 0, 0, 0, 1, 0, -2.98023e-08, 0, 1, 5.95781, 2.00419, 6.90002)

[node name="Lantern3" parent="Lighting/LanternGroup1" index="2" instance=ExtResource("3_dno5y")]
transform = Transform3D(1, 0, 2.98023e-08, 0, 1, 0, -5.96046e-08, 0, 1, -5.89364, -1.47649, -6.49998)

[node name="Lantern4" parent="Lighting/LanternGroup1" index="3" instance=ExtResource("3_dno5y")]
transform = Transform3D(1, 0, 8.9407e-08, 0, 1, 0, -5.96046e-08, 0, 1, 5.80636, -1.47649, -6.49998)

[node name="LanternGroup2" type="Node3D" parent="Lighting" index="4"]
transform = Transform3D(-0.939693, 0, -0.34202, 0, 1, 0, 0.34202, 0, -0.939693, 20.9368, 0, 54.3586)

[node name="Lantern1" parent="Lighting/LanternGroup2" index="0" instance=ExtResource("3_dno5y")]
transform = Transform3D(1, 0, -2.98023e-08, 0, 1, 0, 0, 0, 1, -5.74218, 2.00419, 6.90002)

[node name="Lantern2" parent="Lighting/LanternGroup2" index="1" instance=ExtResource("3_dno5y")]
transform = Transform3D(1, 0, 5.96046e-08, 0, 1, 0, -8.9407e-08, 0, 1, 6.06333, 2.00419, 6.75773)

[node name="Lantern3" parent="Lighting/LanternGroup2" index="2" instance=ExtResource("3_dno5y")]
transform = Transform3D(1, 0, 2.98023e-08, 0, 1, 0, -5.96046e-08, 0, 1, -5.89364, -1.47649, -6.49998)

[node name="Lantern4" parent="Lighting/LanternGroup2" index="3" instance=ExtResource("3_dno5y")]
transform = Transform3D(1, 0, 2.08616e-07, 0, 1, 0, -5.96046e-08, 0, 1, 5.92931, -1.47649, -6.54917)

[node name="ReflectionProbe" type="ReflectionProbe" parent="Lighting" index="5"]
transform = Transform3D(0.939693, 0, 0.34202, 0, 1, 0, -0.34202, 0, 0.939693, 0, 0, 0)
layers = 4
size = Vector3(190, 36, 419)
interior = true
cull_mask = 4
ambient_mode = 2
ambient_color = Color(1, 1, 1, 1)

[node name="Node3D" type="Node3D" parent="Lighting" index="6"]
