[gd_scene load_steps=5 format=3 uid="uid://bdy7ivd82yprv"]

[ext_resource type="PackedScene" uid="uid://wlncb0bx2qpy" path="res://area/1 sand oasis/act 3/environment/model/01MainHall.gltf" id="1_2gu8q"]
[ext_resource type="Script" path="res://object/trigger/modules/CullingTrigger.cs" id="2_n7pua"]
[ext_resource type="PackedScene" uid="uid://wnnthoykndrj" path="res://effect/particle/Lantern.tscn" id="3_dno5y"]
[ext_resource type="Texture2D" uid="uid://bnamc3sj4l00m" path="res://area/1 sand oasis/act 3/decal/Rounded_Square_1-512x512.png" id="3_g4x25"]

[node name="01MainHall" instance=ExtResource("1_2gu8q")]
script = ExtResource("2_n7pua")
startEnabled = true
saveVisibilityOnCheckpoint = true
isStageVisuals = true

[node name="stg011_o01_Mesh_0001" parent="." index="0"]
layers = 4
cast_shadow = 0
gi_mode = 1

[node name="stg011_o01_Mesh_0002" parent="." index="1"]
layers = 4
cast_shadow = 0
gi_mode = 1

[node name="stg011_o01_Mesh_0003" parent="." index="2"]
layers = 4
cast_shadow = 0
gi_mode = 1

[node name="stg011_o01_Mesh_0004" parent="." index="3"]
layers = 4
cast_shadow = 0
gi_mode = 1

[node name="stg011_o01_Mesh_0005" parent="." index="4"]
layers = 4
cast_shadow = 0
gi_mode = 1

[node name="stg011_o01_Mesh_0007" parent="." index="5"]
layers = 4
cast_shadow = 0
gi_mode = 1

[node name="stg011_o01_Mesh_0009" parent="." index="6"]
layers = 4
cast_shadow = 0
gi_mode = 1

[node name="stg011_o01_Mesh_0010" parent="." index="7"]
layers = 4
cast_shadow = 0
gi_mode = 1

[node name="stg011_o01_Mesh_0011" parent="." index="8"]
layers = 4
cast_shadow = 0
gi_mode = 1

[node name="stg011_o01_Mesh_0012" parent="." index="9"]
layers = 4
cast_shadow = 0
gi_mode = 1

[node name="stg011_o01_Mesh_0013" parent="." index="10"]
layers = 4
cast_shadow = 0
gi_mode = 1

[node name="stg011_o01_Mesh_0014" parent="." index="11"]
layers = 4
cast_shadow = 0
gi_mode = 1

[node name="stg011_o01_Mesh_0015" parent="." index="12"]
layers = 4
cast_shadow = 0
gi_mode = 1

[node name="stg011_o01_Mesh_0016" parent="." index="13"]
layers = 4
cast_shadow = 0
gi_mode = 1

[node name="stg011_o01_Mesh_0019" parent="." index="14"]
layers = 4
cast_shadow = 0
gi_mode = 1

[node name="stg011_o01_Mesh_0030" parent="." index="15"]
layers = 4
cast_shadow = 0
gi_mode = 1

[node name="stg011_o01_Mesh_0047" parent="." index="16"]
layers = 4
cast_shadow = 0
gi_mode = 1

[node name="stg011_o01_Mesh_0048" parent="." index="17"]
layers = 4
cast_shadow = 0
gi_mode = 1

[node name="stg011_o02_Mesh_0000" parent="." index="18"]
layers = 4
cast_shadow = 0
gi_mode = 1

[node name="stg011_o08_Mesh_0010" parent="." index="19"]
layers = 4
cast_shadow = 0
gi_mode = 1

[node name="stg011_k_Mesh_0000" parent="." index="20"]
layers = 4
cast_shadow = 0

[node name="stg011_p01_Mesh_0001" parent="." index="21"]
layers = 4
cast_shadow = 0
gi_mode = 1

[node name="stg011_p01_Mesh_0000" parent="." index="22"]
layers = 4
cast_shadow = 0
gi_mode = 1

[node name="stg011_p01_Mesh_0003" parent="." index="23"]
layers = 4
cast_shadow = 0
gi_mode = 1

[node name="Lighting" type="Node3D" parent="." index="24"]

[node name="Decal" type="Decal" parent="Lighting" index="0"]
transform = Transform3D(0.939693, 0, 0.34202, 0, 1, 0, -0.34202, 0, 0.939693, 6.76689, 2.93726, -4.03575)
size = Vector3(24.505, 10.1958, 13.13)
texture_emission = ExtResource("3_g4x25")
emission_energy = 0.1
modulate = Color(1, 0.784436, 0.695204, 1)
normal_fade = 0.498
upper_fade = 0.126135
lower_fade = 1.0

[node name="Decal2" type="Decal" parent="Lighting" index="1"]
transform = Transform3D(0.939693, 0, 0.34202, 0, 1, 0, -0.34202, 0, 0.939693, -8.07515, 2.93726, 2.59568)
size = Vector3(24.505, 10.1958, 13.13)
texture_emission = ExtResource("3_g4x25")
emission_energy = 0.1
modulate = Color(1, 0.784436, 0.695204, 1)
normal_fade = 0.498
upper_fade = 0.126135
lower_fade = 1.0

[node name="Decal3" type="Decal" parent="Lighting" index="2"]
transform = Transform3D(0.939693, 0, 0.34202, 0, 1, 0, -0.34202, 0, 0.939693, -0.869599, -0.186193, -25.0462)
size = Vector3(24.505, 10.1958, 13.13)
texture_emission = ExtResource("3_g4x25")
emission_energy = 0.1
modulate = Color(1, 0.784436, 0.695204, 1)
normal_fade = 0.498
upper_fade = 0.126135
lower_fade = 1.0

[node name="Decal4" type="Decal" parent="Lighting" index="3"]
transform = Transform3D(0.939693, 0, 0.34202, 0, 1, 0, -0.34202, 0, 0.939693, -15.7116, -0.186193, -18.4147)
size = Vector3(24.505, 10.1958, 13.13)
texture_emission = ExtResource("3_g4x25")
emission_energy = 0.1
modulate = Color(1, 0.784436, 0.695204, 1)
normal_fade = 0.498
upper_fade = 0.126135
lower_fade = 1.0

[node name="Decal5" type="Decal" parent="Lighting" index="4"]
transform = Transform3D(0.939693, 0, 0.34202, 0, 1, 0, -0.34202, 0, 0.939693, 16.1121, -0.186192, 17.6207)
size = Vector3(24.505, 10.1958, 13.13)
texture_emission = ExtResource("3_g4x25")
emission_energy = 0.1
modulate = Color(1, 0.784436, 0.695204, 1)
normal_fade = 0.498
upper_fade = 0.126135
lower_fade = 1.0

[node name="LanternGroup1" type="Node3D" parent="Lighting" index="5"]
transform = Transform3D(0.933581, 0, 0.358368, 0, 1, 0, -0.358368, 0, 0.933581, -20.8819, 0, -54.3974)

[node name="Lantern1" parent="Lighting/LanternGroup1" index="0" instance=ExtResource("3_dno5y")]
transform = Transform3D(1, 0, -2.98023e-08, 0, 1, 0, 0, 0, 1, -5.74218, 2.00419, 6.90002)

[node name="Lantern2" parent="Lighting/LanternGroup1" index="1" instance=ExtResource("3_dno5y")]
transform = Transform3D(1, 0, 0, 0, 1, 0, -2.98023e-08, 0, 1, 5.95781, 2.00419, 6.90002)

[node name="Lantern3" parent="Lighting/LanternGroup1" index="2" instance=ExtResource("3_dno5y")]
transform = Transform3D(1, 0, 2.98023e-08, 0, 1, 0, -5.96046e-08, 0, 1, -5.89364, -1.47649, -6.49998)

[node name="Lantern4" parent="Lighting/LanternGroup1" index="3" instance=ExtResource("3_dno5y")]
transform = Transform3D(1, 0, 8.9407e-08, 0, 1, 0, -5.96046e-08, 0, 1, 5.80636, -1.47649, -6.49998)

[node name="LanternGroup2" type="Node3D" parent="Lighting" index="6"]
transform = Transform3D(-0.939693, 0, -0.34202, 0, 1, 0, 0.34202, 0, -0.939693, 20.9368, 0, 54.3586)

[node name="Lantern1" parent="Lighting/LanternGroup2" index="0" instance=ExtResource("3_dno5y")]
transform = Transform3D(1, 0, -2.98023e-08, 0, 1, 0, 0, 0, 1, -5.74218, 2.00419, 6.90002)

[node name="Lantern2" parent="Lighting/LanternGroup2" index="1" instance=ExtResource("3_dno5y")]
transform = Transform3D(1, 0, 5.96046e-08, 0, 1, 0, -8.9407e-08, 0, 1, 6.06333, 2.00419, 6.75773)

[node name="Lantern3" parent="Lighting/LanternGroup2" index="2" instance=ExtResource("3_dno5y")]
transform = Transform3D(1, 0, 2.98023e-08, 0, 1, 0, -5.96046e-08, 0, 1, -5.89364, -1.47649, -6.49998)

[node name="Lantern4" parent="Lighting/LanternGroup2" index="3" instance=ExtResource("3_dno5y")]
transform = Transform3D(1, 0, 2.08616e-07, 0, 1, 0, -5.96046e-08, 0, 1, 5.92931, -1.47649, -6.54917)

[node name="EnvironmentProbe" type="ReflectionProbe" parent="Lighting" index="7"]
transform = Transform3D(0.939693, 0, 0.34202, 0, 1, 0, -0.34202, 0, 0.939693, 0, 0, 0)
layers = 4
size = Vector3(190, 36, 419)
interior = true
cull_mask = 4
ambient_mode = 2
ambient_color = Color(0.767381, 0.794726, 0.98972, 1)

[node name="ObjectProbe" type="ReflectionProbe" parent="Lighting" index="8"]
transform = Transform3D(0.939693, 0, 0.34202, 0, 1, 0, -0.34202, 0, 0.939693, 0, -4.20532, 0)
layers = 64
max_distance = 100.0
size = Vector3(190, 44.4106, 419)
interior = true
cull_mask = 64
ambient_mode = 2
ambient_color = Color(0.767381, 0.794726, 0.98972, 1)
ambient_color_energy = 0.3
